0.0275310 0.2405618 0.0000995 0.6988704 0.0329375
0.0148017 0.2436172 0.0000992 0.7096489 0.0318330
0.0115928 0.2435810 0.0000989 0.7349700 0.0097573
0.0360827 0.2548913 0.0000990 0.6684651 0.0404619
0.0162714 0.2160994 0.0000990 0.7593589 0.0081713
0.0000991 0.2536785 0.0000991 0.7440198 0.0021035
0.0141284 0.2328623 0.0000987 0.7528118 0.0000987
0.0068457 0.2306226 0.0000989 0.7623339 0.0000989
0.0000992 0.2413629 0.0000992 0.7583395 0.0000992
0.0040526 0.2301269 0.0000995 0.7656216 0.0000995
0.0155914 0.2050349 0.0000995 0.7791746 0.0000995
0.0000994 0.2109258 0.0000994 0.7887761 0.0000994
0.0000992 0.2354457 0.0000992 0.7642568 0.0000992
0.0135773 0.2194802 0.0000994 0.7667437 0.0000994
0.0093351 0.2968806 0.0000995 0.6530704 0.0406143
0.0000994 0.3011393 0.0000994 0.6617653 0.0368966
0.0000990 0.0254471 0.5606364 0.4008330 0.0129845
0.0000996 0.0000996 0.4619701 0.5377311 0.0000996
0.0089956 0.0000996 0.4347338 0.5560714 0.0000996
0.0550072 0.0000997 0.4397931 0.4914458 0.0136542
0.0000994 0.0000994 0.5330427 0.4666591 0.0000994
0.0613028 0.0000997 0.3659203 0.5310822 0.0415950
0.0000996 0.0000996 0.4775141 0.4992533 0.0230334
0.0000997 0.0000997 0.4650904 0.4842803 0.0504300
0.0015361 0.7150094 0.0000996 0.1901683 0.0931867
0.0180923 0.5688623 0.0000998 0.1774198 0.2355258
0.0032730 0.6180066 0.0000997 0.2079585 0.1706621
0.0000998 0.6252253 0.0148192 0.1485708 0.2112850
0.0145502 0.6496223 0.0000995 0.1420754 0.1936527
0.0256641 0.7354066 0.0000989 0.0914256 0.1474048
0.0309154 0.7005666 0.0000982 0.1306101 0.1378097
0.0000997 0.7274973 0.0049263 0.0881778 0.1792990
0.0745160 0.5780442 0.0000982 0.1560671 0.1912746
0.1349729 0.4763768 0.0173596 0.2238472 0.1474434
0.0682856 0.5928469 0.0338342 0.1411692 0.1638640
0.0296507 0.6006997 0.0000985 0.1795892 0.1899620
0.0668651 0.5762093 0.0000994 0.1663616 0.1904647
0.1239349 0.5583794 0.0000987 0.1641202 0.1534668
0.0935063 0.5275561 0.0000986 0.1998636 0.1789755
0.0807625 0.5714503 0.0000989 0.1784209 0.1692674
0.0000994 0.4725656 0.1201065 0.2174133 0.1898153
0.0000994 0.5284331 0.0813917 0.1151391 0.2749366
0.1689971 0.5799741 0.0000986 0.0969418 0.1539884
0.1035767 0.5627930 0.0828006 0.2052122 0.0456176
0.0844794 0.4619520 0.0615064 0.2771095 0.1149528
0.0000996 0.5897673 0.0332142 0.1602086 0.2167104
0.0000997 0.5926679 0.0809481 0.1324534 0.1938309
0.4064647 0.3971296 0.0000969 0.0079367 0.1883721
0.1697301 0.3871583 0.3898654 0.0531464 0.0000999
0.1957537 0.4051476 0.1084917 0.1438668 0.1467401
0.1826138 0.2562004 0.1854433 0.1128181 0.2629243
0.0000997 0.5007030 0.2924654 0.0897923 0.1169396
0.2649221 0.2593967 0.1247486 0.0866928 0.2642398
0.0000998 0.5631986 0.1799234 0.1341079 0.1226704
0.0708428 0.5899994 0.1452151 0.0374089 0.1565338
0.1515484 0.5201173 0.2353420 0.0928923 0.0000999
0.0936378 0.4124885 0.2507028 0.0039604 0.2392105
0.0976686 0.4001013 0.2145618 0.0670729 0.2205954
0.0987326 0.1817412 0.0000992 0.0234252 0.6960018
0.0346662 0.3541759 0.1906612 0.0782555 0.3422412
0.0104188 0.0830899 0.0032518 0.0120441 0.8911954
0.0001005 0.0001005 0.0076075 0.0001005 0.9920911
0.0001005 0.0001005 0.0113517 0.0001005 0.9883469
0.2509622 0.4814384 0.0352953 0.0947434 0.1375608
0.2648493 0.5786837 0.0540859 0.0205639 0.0818171
0.0421598 0.8269659 0.0843327 0.0464414 0.0001002
0.0921975 0.7601372 0.1474646 0.0001003 0.0001003
0.4004739 0.4019424 0.0000969 0.0113844 0.1861024
0.0429101 0.8451387 0.1117492 0.0001010 0.0001010
0.0777266 0.6394504 0.0070471 0.1390626 0.1367133
0.0350171 0.7825457 0.1822366 0.0001003 0.0001003
0.0000996 0.5569241 0.3540974 0.0000996 0.0887794
0.0866082 0.4718000 0.2922706 0.0302424 0.1190788
0.0813014 0.3771429 0.1793550 0.1574114 0.2047893
0.0996289 0.3543055 0.1851067 0.0728594 0.2880995
0.0000996 0.4532098 0.2056309 0.0801247 0.2609349
0.0000997 0.3549500 0.2735289 0.0687515 0.3026699
0.2564284 0.2742400 0.3033830 0.0308622 0.1350864
0.0889470 0.3391538 0.2455732 0.0998830 0.2264430
0.0627567 0.2675054 0.6695368 0.0001005 0.0001005
0.0154697 0.2876730 0.6966557 0.0001008 0.0001008
0.0000997 0.5661991 0.2482908 0.0000997 0.1853109
0.0658240 0.6193037 0.2675728 0.0240662 0.0232333
0.0379427 0.4482010 0.1815511 0.0454838 0.2868215
0.0503539 0.5409311 0.4085141 0.0001005 0.0001005
0.0417238 0.4841003 0.3096413 0.0000999 0.1644347
0.0136264 0.0527242 0.9334484 0.0001005 0.0001005
0.1343556 0.4355580 0.2663156 0.0061044 0.1576664
0.1707987 0.3952191 0.4337820 0.0001001 0.0001001
0.9770397 0.0001004 0.0226590 0.0001004 0.0001004
0.9769322 0.0001005 0.0227665 0.0001005 0.0001005
0.2176559 0.5250185 0.1784007 0.0469417 0.0319833
0.0252686 0.2128342 0.7300519 0.0268236 0.0050216
0.0410436 0.6877269 0.2710291 0.0001002 0.0001002
0.1337527 0.0821444 0.7839021 0.0001004 0.0001004
