0.8842021 0.1452150 0.1030280 0.1307182 0.1085163 0.1023426 0.1038077 0.1121749 0.1055169 0.1026297 0.1046329 0.1124315 0.1004332 0.0991102 0.0925197 0.0948369 -0.0141998 0.0076861 0.0093803 0.0026332 0.0004899 0.0252320 0.0034936 0.0068904 0.0189497 0.0131900 0.0180712 0.0039500 0.0071241 0.0022228 0.0158214 0.0044709 0.0131057 0.0140281 0.0011639 0.0181130 0.0093284 0.0087028 0.0165381 0.0108156 0.0033978 -0.0027621 -0.0040022 -0.0016863 0.0143294 0.0100426 -0.0003110 -0.0197241 -0.0645267 -0.0179386 -0.0337246 -0.0373474 -0.0363395 -0.0165354 -0.0331077 -0.0371495 -0.0520128 -0.0411884 -0.0139282 -0.0298483 -0.0113436 -0.0263754 -0.0276186 -0.0143411 -0.0382463 -0.0137677 -0.0446837 -0.0195215 -0.0478937 0.0011272 -0.0408619 -0.0571352 -0.0531689 -0.0179882 -0.0364305 -0.0297555 -0.0351764 -0.0622148 -0.0388453 -0.1168097 -0.1230376 -0.0514474 -0.0469349 -0.0332401 -0.0810147 -0.0599915 -0.1516635 -0.0541004 -0.0841605 -0.0848052 -0.0854720 -0.0414037 -0.1054070 -0.0529621 -0.1415019
0.1452150 0.8851624 0.1047387 0.1406938 0.1102666 0.1095697 0.1101402 0.1143347 0.1084310 0.1064176 0.1107269 0.1135950 0.1082881 0.1035862 0.0943127 0.1000480 -0.0214592 0.0089758 0.0120881 0.0046068 -0.0074181 0.0212907 0.0040946 -0.0016922 0.0197828 0.0139877 0.0203945 0.0064435 0.0092449 0.0051786 0.0166949 0.0086508 0.0123903 0.0155231 0.0011664 0.0192778 0.0088680 0.0125698 0.0197663 0.0152825 0.0060757 -0.0023662 -0.0038054 0.0014675 0.0125041 0.0117652 -0.0063023 -0.0236550 -0.0683331 -0.0139582 -0.0356989 -0.0396569 -0.0383281 -0.0187746 -0.0330864 -0.0390495 -0.0564411 -0.0413554 -0.0135776 -0.0301237 -0.0143602 -0.0250134 -0.0260183 -0.0151983 -0.0345365 -0.0144466 -0.0417375 -0.0222831 -0.0505344 0.0017521 -0.0430436 -0.0601540 -0.0547112 -0.0214419 -0.0372956 -0.0251006 -0.0398410 -0.0667374 -0.0383672 -0.1253980 -0.1293602 -0.0533339 -0.0498050 -0.0380222 -0.0883981 -0.0602604 -0.1580632 -0.0522868 -0.0901180 -0.0889509 -0.0907444 -0.0417534 -0.1126198 -0.0523014 -0.1455640
0.1030280 0.1047387 0.8836962 0.1016741 0.1574327 0.1489306 0.1685682 0.1583003 0.1118166 0.1110577 0.1143785 0.1157159 0.1119856 0.1079620 0.1005602 0.1031507 -0.0150101 0.0041092 0.0139259 -0.0010831 -0.0041718 0.0222086 0.0026511 -0.0009347 0.0178034 0.0128982 0.0230184 0.0108945 0.0089263 0.0079766 0.0200544 0.0067294 0.0165484 0.0166029 0.0040933 0.0242608 0.0144321 0.0087303 0.0188583 0.0175206 0.0101722 0.0015798 -0.0050714 -0.0019170 0.0170497 0.0170730 -0.0027880 -0.0235021 -0.0748824 -0.0206327 -0.0326220 -0.0427998 -0.0378702 -0.0202813 -0.0357583 -0.0406533 -0.0549584 -0.0448410 -0.0184250 -0.0329292 -0.0137955 -0.0287762 -0.0283344 -0.0221462 -0.0421885 -0.0213915 -0.0467531 -0.0230279 -0.0530849 -0.0022520 -0.0455820 -0.0605100 -0.0575081 -0.0199219 -0.0351526 -0.0306719 -0.0414123 -0.0708019 -0.0407405 -0.1328012 -0.1419254 -0.0548672 -0.0493222 -0.0390968 -0.0917900 -0.0610204 -0.1633771 -0.0647811 -0.0947995 -0.0906124 -0.0924710 -0.0461270 -0.1206406 -0.0567622 -0.1555055
0.1307182 0.1406938 0.1016741 0.8947957 0.1031805 0.1029423 0.1003975 0.1091288 0.1037813 0.0973707 0.1046551 0.1055294 0.0974720 0.0980516 0.0901647 0.0945731 -0.0188094 0.0026747 0.0093750 -0.0025146 -0.0095634 0.0175425 0.0010754 0.0009440 0.0215270 0.0130409 0.0220773 0.0118127 0.0113934 0.0069955 0.0182003 0.0085968 0.0164347 0.0156939 0.0037856 0.0194877 0.0112970 0.0148996 0.0194280 0.0150728 0.0072936 0.0016268 0.0033565 0.0021622 0.0173193 0.0139044 -0.0024000 -0.0180197 -0.0653640 -0.0141587 -0.0294424 -0.0389355 -0.0350357 -0.0170980 -0.0284820 -0.0386931 -0.0504526 -0.0369841 -0.0107267 -0.0252835 -0.0122224 -0.0244487 -0.0238395 -0.0131802 -0.0316010 -0.0151596 -0.0449367 -0.0162799 -0.0475669 0.0051870 -0.0407613 -0.0546420 -0.0544155 -0.0175352 -0.0337302 -0.0268046 -0.0367216 -0.0625012 -0.0364982 -0.1230266 -0.1274617 -0.0507783 -0.0424520 -0.0315940 -0.0851289 -0.0601742 -0.1572318 -0.0534133 -0.0879291 -0.0837920 -0.0836055 -0.0392485 -0.1114717 -0.0510568 -0.1429165
0.1085163 0.1102666 0.1574327 0.1031805 0.9007013 0.1687841 0.1717124 0.1691743 0.1164830 0.1134341 0.1174819 0.1209245 0.1141717 0.1120542 0.0999981 0.1070863 -0.0171795 0.0121642 0.0144680 0.0056259 -0.0004425 0.0278110 0.0086994 0.0045211 0.0221246 0.0124539 0.0233374 0.0068798 0.0080785 0.0046721 0.0191473 0.0065293 0.0140518 0.0161095 -0.0016167 0.0226806 0.0092346 0.0098546 0.0213797 0.0133801 0.0133537 -0.0000269 -0.0071944 -0.0001885 0.0168069 0.0126046 -0.0026777 -0.0283452 -0.0717483 -0.0190574 -0.0375552 -0.0395564 -0.0419921 -0.0194640 -0.0371027 -0.0428602 -0.0577422 -0.0459488 -0.0188539 -0.0394617 -0.0152436 -0.0269070 -0.0296198 -0.0216178 -0.0375199 -0.0174020 -0.0485194 -0.0282015 -0.0541349 0.0027103 -0.0472626 -0.0645772 -0.0617926 -0.0195705 -0.0364019 -0.0311442 -0.0433770 -0.0728238 -0.0417024 -0.1345532 -0.1443341 -0.0565207 -0.0535930 -0.0405954 -0.0912825 -0.0623649 -0.1637383 -0.0627527 -0.0942638 -0.0929557 -0.0943713 -0.0453420 -0.1194855 -0.0625104 -0.1533223
0.1023426 0.1095697 0.1489306 0.1029423 0.1687841 0.8897561 0.1637239 0.1614491 0.1140943 0.1112529 0.1152032 0.1205251 0.1102765 0.1098316 0.0993081 0.1061623 -0.0158500 0.0066212 0.0138246 0.0029598 -0.0033197 0.0238224 0.0055911 0.0024201 0.0231958 0.0163292 0.0228408 0.0079150 0.0109229 0.0077565 0.0149981 0.0059255 0.0179142 0.0158190 -0.0026539 0.0199021 0.0055381 0.0060985 0.0137066 0.0139261 0.0110809 -0.0003635 -0.0032839 -0.0017261 0.0166642 0.0123645 -0.0022408 -0.0288971 -0.0720606 -0.0214542 -0.0405417 -0.0392320 -0.0411680 -0.0188140 -0.0385228 -0.0391481 -0.0623879 -0.0460073 -0.0202422 -0.0369088 -0.0145468 -0.0297327 -0.0307179 -0.0179292 -0.0389660 -0.0163236 -0.0483971 -0.0277223 -0.0503368 0.0016961 -0.0491946 -0.0643075 -0.0600675 -0.0199954 -0.0362626 -0.0301334 -0.0405702 -0.0740603 -0.0398639 -0.1306050 -0.1421256 -0.0548293 -0.0490834 -0.0380080 -0.0919492 -0.0579142 -0.1616665 -0.0632597 -0.0921303 -0.0949199 -0.0960376 -0.0446970 -0.1165080 -0.0625006 -0.1501710
0.1038077 0.1101402 0.1685682 0.1003975 0.1717124 0.1637239 0.8808371 0.1760944 0.1149242 0.1135554 0.1168775 0.1218428 0.1117456 0.1136201 0.0973588 0.1074439 -0.0232021 0.0049949 0.0131388 0.0037722 -0.0069508 0.0208901 0.0030090 -0.0051684 0.0209247 0.0144555 0.0222907 0.0093427 0.0089158 0.0088686 0.0186986 0.0077976 0.0170476 0.0171565 0.0019579 0.0227339 0.0068925 0.0103233 0.0197475 0.0192449 0.0113215 -0.0018274 -0.0047399 -0.0019561 0.0137219 0.0115250 -0.0036514 -0.0271828 -0.0737465 -0.0197427 -0.0377449 -0.0428724 -0.0419833 -0.0199112 -0.0395317 -0.0419128 -0.0565559 -0.0472203 -0.0206861 -0.0424798 -0.0168037 -0.0277021 -0.0293332 -0.0188004 -0.0366449 -0.0154322 -0.0467509 -0.0263723 -0.0540991 0.0037051 -0.0480249 -0.0651884 -0.0616780 -0.0209156 -0.0363193 -0.0291478 -0.0439880 -0.0717028 -0.0424606 -0.1356300 -0.1445007 -0.0557559 -0.0498254 -0.0418379 -0.0931156 -0.0622549 -0.1711945 -0.0657480 -0.0964730 -0.0927531 -0.0943502 -0.0473417 -0.1239824 -0.0648030 -0.1603431
0.1121749 0.1143347 0.1583003 0.1091288 0.1691743 0.1614491 0.1760944 0.8990296 0.1210022 0.1156597 0.1216850 0.1289629 0.1149885 0.1176281 0.1046039 0.1085136 -0.0159900 0.0073277 0.0192198 0.0052484 -0.0014566 0.0285713 0.0087769 -0.0010420 0.0203063 0.0160492 0.0207880 0.0075203 0.0071946 0.0037637 0.0165483 0.0067028 0.0168416 0.0162345 -0.0003905 0.0227766 0.0082665 0.0101666 0.0193786 0.0159443 0.0121789 -0.0026340 -0.0052535 -0.0002704 0.0128461 0.0145258 -0.0051843 -0.0276959 -0.0745517 -0.0195753 -0.0410022 -0.0373907 -0.0436627 -0.0192151 -0.0372386 -0.0431914 -0.0601301 -0.0506468 -0.0242283 -0.0385897 -0.0164992 -0.0312554 -0.0327912 -0.0236879 -0.0412142 -0.0174451 -0.0514296 -0.0276790 -0.0538951 0.0009835 -0.0489192 -0.0639866 -0.0621933 -0.0180820 -0.0394213 -0.0302155 -0.0427686 -0.0746824 -0.0422611 -0.1352807 -0.1439655 -0.0592370 -0.0505395 -0.0407045 -0.0906981 -0.0635792 -0.1674796 -0.0609936 -0.0973234 -0.0950456 -0.0972781 -0.0469147 -0.1223722 -0.0614291 -0.1544625
0.1055169 0.1084310 0.1118166 0.1037813 0.1164830 0.1140943 0.1149242 0.1210022 0.9057341 0.1567304 0.1690065 0.1635088 0.1590624 0.1531408 0.1074432 0.1149652 -0.0142121 0.0125978 0.0182776 0.0140109 0.0008006 0.0281928 0.0135056 0.0067675 0.0206177 0.0088069 0.0204014 0.0083992 0.0079441 0.0038757 0.0139069 0.0061258 0.0140916 0.0145447 -0.0037441 0.0190649 0.0073863 0.0072277 0.0142246 0.0118828 0.0092060 -0.0091168 -0.0097208 0.0045410 0.0186542 0.0120248 -0.0004896 -0.0286038 -0.0719334 -0.0210296 -0.0350759 -0.0471961 -0.0436703 -0.0203049 -0.0327109 -0.0405087 -0.0608711 -0.0431075 -0.0239879 -0.0358869 -0.0207953 -0.0327198 -0.0324709 -0.0220883 -0.0415910 -0.0166024 -0.0491744 -0.0276210 -0.0545977 0.0017578 -0.0479687 -0.0637339 -0.0545516 -0.0228752 -0.0400040 -0.0331363 -0.0492218 -0.0719643 -0.0410899 -0.1312346 -0.1349299 -0.0562967 -0.0571117 -0.0384783 -0.0950338 -0.0648343 -0.1571563 -0.0594325 -0.0955728 -0.1011738 -0.1015484 -0.0443710 -0.1204738 -0.0602537 -0.1522226
0.1026297 0.1064176 0.1110577 0.0973707 0.1134341 0.1112529 0.1135554 0.1156597 0.1567304 0.8985640 0.1539024 0.1587678 0.1701687 0.1524052 0.1001814 0.1086824 -0.0131597 0.0131421 0.0163387 0.0150511 0.0028423 0.0283133 0.0136057 0.0098630 0.0169418 0.0100272 0.0171392 0.0087377 0.0065761 0.0007430 0.0106022 0.0035821 0.0128033 0.0132873 -0.0013848 0.0194211 0.0032125 0.0056641 0.0166392 0.0133898 0.0063048 -0.0062332 -0.0085447 0.0040493 0.0156689 0.0086190 -0.0037466 -0.0276513 -0.0730499 -0.0188500 -0.0360383 -0.0384728 -0.0417648 -0.0161971 -0.0381149 -0.0385762 -0.0585932 -0.0454964 -0.0238655 -0.0367164 -0.0201967 -0.0335749 -0.0353092 -0.0238814 -0.0384200 -0.0177818 -0.0498074 -0.0269271 -0.0548007 -0.0034972 -0.0507020 -0.0611661 -0.0546240 -0.0227466 -0.0405056 -0.0320922 -0.0446786 -0.0701691 -0.0403239 -0.1253240 -0.1349451 -0.0560753 -0.0519656 -0.0378199 -0.0935355 -0.0607075 -0.1524309 -0.0620037 -0.0923516 -0.0963579 -0.0967654 -0.0453697 -0.1134556 -0.0615219 -0.1447112
0.1046329 0.1107269 0.1143785 0.1046551 0.1174819 0.1152032 0.1168775 0.1216850 0.1690065 0.1539024 0.9292954 0.1748919 0.1596697 0.1567769 0.1089174 0.1121930 -0.0048092 0.0204701 0.0297524 0.0193425 0.0114415 0.0365767 0.0208109 0.0134340 0.0156365 0.0067626 0.0159357 0.0068984 0.0073559 -0.0010510 0.0112066 -0.0007022 0.0096823 0.0120370 -0.0041993 0.0183361 0.0064496 0.0049159 0.0146197 0.0094586 0.0095922 -0.0056469 -0.0090654 0.0023533 0.0168633 0.0102614 -0.0053371 -0.0325844 -0.0704254 -0.0227119 -0.0336416 -0.0430229 -0.0424712 -0.0209586 -0.0370629 -0.0413918 -0.0609826 -0.0428569 -0.0226488 -0.0330373 -0.0241586 -0.0381723 -0.0384281 -0.0242033 -0.0442913 -0.0204584 -0.0513911 -0.0312114 -0.0591543 -0.0064213 -0.0515560 -0.0639393 -0.0561124 -0.0220514 -0.0380257 -0.0337854 -0.0456214 -0.0695151 -0.0432754 -0.1252231 -0.1330788 -0.0597558 -0.0512184 -0.0404712 -0.0955570 -0.0662926 -0.1490283 -0.0611356 -0.0960730 -0.0973680 -0.0976460 -0.0433684 -0.1145536 -0.0589939 -0.1457403
0.1124315 0.1135950 0.1157159 0.1055294 0.1209245 0.1205251 0.1218428 0.1289629 0.1635088 0.1587678 0.1748919 0.9184328 0.1654962 0.1601240 0.1048397 0.1177896 -0.0098397 0.0198205 0.0242661 0.0170340 0.0053632 0.0366323 0.0189366 0.0102734 0.0151937 0.0057892 0.0175765 0.0054869 0.0044469 -0.0019794 0.0098160 0.0009448 0.0107948 0.0126646 -0.0000779 0.0205566 0.0066873 0.0028081 0.0145180 0.0086788 0.0098436 -0.0073733 -0.0063124 0.0005618 0.0179846 0.0075541 -0.0030962 -0.0337978 -0.0765942 -0.0238968 -0.0371680 -0.0429365 -0.0417932 -0.0181344 -0.0381540 -0.0439965 -0.0616062 -0.0405435 -0.0255463 -0.0388866 -0.0260895 -0.0384108 -0.0386193 -0.0259640 -0.0430396 -0.0209148 -0.0496848 -0.0321425 -0.0584261 -0.0019112 -0.0491136 -0.0659780 -0.0576507 -0.0276839 -0.0441416 -0.0322373 -0.0472614 -0.0748743 -0.0415675 -0.1265790 -0.1356006 -0.0603762 -0.0541208 -0.0441446 -0.0993611 -0.0659101 -0.1503827 -0.0643600 -0.0956794 -0.1006530 -0.1010704 -0.0492455 -0.1134662 -0.0653924 -0.1497823
0.1004332 0.1082881 0.1119856 0.0974720 0.1141717 0.1102765 0.1117456 0.1149885 0.1590624 0.1701687 0.1596697 0.1654962 0.9004602 0.1601343 0.1037140 0.1094851 -0.0203507 0.0116467 0.0160225 0.0091930 -0.0023227 0.0274170 0.0104916 0.0037349 0.0171903 0.0098380 0.0231639 0.0080643 0.0089560 0.0031854 0.0140440 0.0052447 0.0167668 0.0150429 -0.0036064 0.0202964 0.0089080 0.0107692 0.0204735 0.0118369 0.0067714 -0.0063176 -0.0050340 0.0069264 0.0157512 0.0107834 -0.0003586 -0.0305011 -0.0736544 -0.0188227 -0.0391836 -0.0383551 -0.0381893 -0.0229068 -0.0344497 -0.0420892 -0.0603264 -0.0434623 -0.0194231 -0.0373396 -0.0165556 -0.0326488 -0.0328804 -0.0249786 -0.0374954 -0.0162374 -0.0508557 -0.0279307 -0.0548229 -0.0001546 -0.0490635 -0.0625761 -0.0599563 -0.0211790 -0.0395789 -0.0297092 -0.0451716 -0.0703039 -0.0404605 -0.1333408 -0.1387948 -0.0595468 -0.0564369 -0.0375958 -0.0965981 -0.0651467 -0.1607115 -0.0627195 -0.0950516 -0.0983209 -0.0982485 -0.0453673 -0.1211642 -0.0597362 -0.1538702
0.0991102 0.1035862 0.1079620 0.0980516 0.1120542 0.1098316 0.1136201 0.1176281 0.1531408 0.1524052 0.1567769 0.1601240 0.1601343 0.9085804 0.1039202 0.1029941 -0.0091177 0.0154793 0.0224883 0.0104368 0.0027819 0.0319103 0.0135211 0.0102205 0.0194667 0.0043063 0.0160046 0.0077620 0.0083380 -0.0007562 0.0088706 0.0015363 0.0083878 0.0131635 -0.0021326 0.0185965 0.0082766 0.0053724 0.0146582 0.0139166 0.0075272 -0.0044634 -0.0050895 0.0025070 0.0141376 0.0110248 -0.0018712 -0.0271201 -0.0714012 -0.0213770 -0.0367957 -0.0403545 -0.0422022 -0.0217770 -0.0352695 -0.0387200 -0.0609377 -0.0432714 -0.0210567 -0.0357110 -0.0199378 -0.0350014 -0.0346915 -0.0215764 -0.0396690 -0.0201208 -0.0507081 -0.0256757 -0.0540605 -0.0039313 -0.0502466 -0.0640408 -0.0563479 -0.0209275 -0.0375535 -0.0282226 -0.0413881 -0.0690774 -0.0410832 -0.1276823 -0.1331416 -0.0599810 -0.0528183 -0.0394886 -0.0952731 -0.0633808 -0.1530750 -0.0624135 -0.0947676 -0.0949819 -0.0955592 -0.0429666 -0.1155815 -0.0530787 -0.1480756
0.0925197 0.0943127 0.1005602 0.0901647 0.0999981 0.0993081 0.0973588 0.1046039 0.1074432 0.1001814 0.1089174 0.1048397 0.1037140 0.1039202 0.8828505 0.0964950 -0.0178276 0.0031061 0.0086367 -0.0035479 -0.0078656 0.0224616 0.0007455 -0.0023707 0.0187349 0.0140214 0.0238983 0.0097933 0.0117147 0.0087712 0.0194891 0.0063032 0.0170038 0.0156759 0.0068136 0.0188073 0.0097320 0.0149877 0.0180442 0.0168400 0.0078456 0.0000114 -0.0005173 0.0042806 0.0147644 0.0168145 -0.0047263 -0.0167460 -0.0651845 -0.0158041 -0.0283884 -0.0368297 -0.0345615 -0.0127432 -0.0255413 -0.0380152 -0.0487162 -0.0316618 -0.0107031 -0.0278473 -0.0105989 -0.0222296 -0.0246899 -0.0194952 -0.0316172 -0.0150717 -0.0397010 -0.0161363 -0.0461844 0.0021625 -0.0394261 -0.0527357 -0.0490083 -0.0205572 -0.0336669 -0.0279789 -0.0398970 -0.0632652 -0.0352925 -0.1161993 -0.1241871 -0.0454682 -0.0386075 -0.0310170 -0.0805674 -0.0550687 -0.1499685 -0.0515437 -0.0832800 -0.0834119 -0.0840610 -0.0407965 -0.1062144 -0.0531403 -0.1386075
0.0948369 0.1000480 0.1031507 0.0945731 0.1070863 0.1061623 0.1074439 0.1085136 0.1149652 0.1086824 0.1121930 0.1177896 0.1094851 0.1029941 0.0964950 0.8894464 -0.0246993 0.0030339 0.0075320 0.0024667 -0.0083367 0.0194389 0.0007204 -0.0009842 0.0226000 0.0187284 0.0246608 0.0102865 0.0140896 0.0093017 0.0206867 0.0132244 0.0248391 0.0157686 0.0064756 0.0243941 0.0097328 0.0147352 0.0196044 0.0149782 0.0114844 0.0013733 0.0037397 0.0011534 0.0144726 0.0175678 0.0006918 -0.0213927 -0.0657783 -0.0174783 -0.0302967 -0.0385936 -0.0359459 -0.0137143 -0.0298808 -0.0407727 -0.0533433 -0.0344792 -0.0143276 -0.0282355 -0.0087503 -0.0235722 -0.0247363 -0.0180216 -0.0305129 -0.0113354 -0.0406513 -0.0199520 -0.0487239 0.0027638 -0.0382510 -0.0574922 -0.0501300 -0.0166461 -0.0358768 -0.0216427 -0.0391293 -0.0668709 -0.0356554 -0.1198643 -0.1290791 -0.0479369 -0.0466742 -0.0357302 -0.0824449 -0.0571754 -0.1566801 -0.0541790 -0.0864714 -0.0893188 -0.0896032 -0.0390476 -0.0919199 -0.0582040 -0.1455337
-0.0141998 -0.0214592 -0.0150101 -0.0188094 -0.0171795 -0.0158500 -0.0232021 -0.0159900 -0.0142121 -0.0131597 -0.0048092 -0.0098397 -0.0203507 -0.0091177 -0.0178276 -0.0246993 1.1834745 0.1268259 0.1324636 0.1684639 0.1767425 0.1232930 0.1513720 0.1575260 -0.0758883 -0.0727624 -0.0731859 -0.0622540 -0.0816553 -0.0901412 -0.0988416 -0.0920650 -0.0905389 -0.0524599 -0.0496129 -0.0850212 -0.0636516 -0.0705885 -0.0720491 -0.0746400 -0.0213871 -0.0435239 -0.0824764 -0.0371136 -0.0390083 -0.0592001 -0.0418407 -0.0921442 0.0677839 -0.0302230 -0.0035810 0.0211486 -0.0318629 -0.0104594 -0.0201052 0.0090778 0.0103303 -0.0074623 -0.0924492 -0.0167106 -0.0916650 -0.1007044 -0.0991636 -0.0486964 -0.0475931 -0.0483876 -0.0388148 -0.0902634 -0.0440853 -0.0681665 -0.0281964 0.0240006 0.0208846 -0.0078528 -0.0129623 -0.0213741 0.0047792 0.0231587 0.0095283 0.1319279 0.1352736 -0.0134690 0.0104729 -0.0242504 0.0525990 0.0065152 0.2226282 0.0082946 0.0694753 -0.0076849 -0.0047735 -0.0272575 0.1520390 0.0097980 0.1799011
0.0076861 0.0089758 0.0041092 0.0026747 0.0121642 0.0066212 0.0049949 0.0073277 0.0125978 0.0131421 0.0204701 0.0198205 0.0116467 0.0154793 0.0031061 0.0030339 0.1268259 1.1062757 0.1290893 0.1439546 0.1421746 0.1213418 0.1384511 0.1247858 -0.0567229 -0.0658870 -0.0572659 -0.0581966 -0.0611423 -0.0786362 -0.0797291 -0.0737569 -0.0709829 -0.0429934 -0.0546053 -0.0719502 -0.0548285 -0.0629411 -0.0595642 -0.0654120 -0.0199736 -0.0530163 -0.0627549 -0.0282618 -0.0251955 -0.0564653 -0.0454430 -0.0793034 0.0284738 -0.0309734 -0.0069733 -0.0108967 -0.0312689 -0.0121352 -0.0449684 -0.0048977 -0.0111972 -0.0083558 -0.0772988 -0.0212072 -0.0855444 -0.0922196 -0.0919135 -0.0451453 -0.0472517 -0.0507252 -0.0409420 -0.0787991 -0.0566179 -0.0584764 -0.0372840 0.0108185 0.0010477 -0.0124535 -0.0182765 -0.0061884 -0.0081251 0.0179256 0.0045769 0.0832406 0.0823653 -0.0196053 -0.0003785 -0.0259080 0.0282939 0.0073829 0.1587756 -0.0113630 0.0352376 -0.0144155 -0.0128213 -0.0159427 0.1137510 -0.0177083 0.1295512
0.0093803 0.0120881 0.0139259 0.0093750 0.0144680 0.0138246 0.0131388 0.0192198 0.0182776 0.0163387 0.0297524 0.0242661 0.0160225 0.0224883 0.0086367 0.0075320 0.1324636 0.1290893 1.1149269 0.1406980 0.1561050 0.1249088 0.1347840 0.1284253 -0.0565433 -0.0569137 -0.0501095 -0.0573624 -0.0642917 -0.0793543 -0.0764147 -0.0735981 -0.0707049 -0.0422817 -0.0577194 -0.0623549 -0.0584916 -0.0639509 -0.0602593 -0.0558534 -0.0239553 -0.0507256 -0.0693380 -0.0317231 -0.0132983 -0.0527499 -0.0493873 -0.0777520 0.0360144 -0.0249044 -0.0088697 -0.0093245 -0.0228920 -0.0141430 -0.0366043 0.0067589 -0.0209054 -0.0168439 -0.0807990 -0.0172379 -0.0876233 -0.0914054 -0.0904933 -0.0389243 -0.0515600 -0.0489331 -0.0408543 -0.0760980 -0.0619666 -0.0566845 -0.0455660 -0.0065871 -0.0033907 -0.0103845 -0.0232646 -0.0175275 -0.0062273 0.0052617 -0.0065507 0.0837876 0.0883041 -0.0329006 0.0005022 -0.0394454 0.0188595 -0.0019670 0.1511690 -0.0115726 0.0112612 -0.0171598 -0.0168268 -0.0209189 0.1058993 -0.0166473 0.1125590
0.0026332 0.0046068 -0.0010831 -0.0025146 0.0056259 0.0029598 0.0037722 0.0052484 0.0140109 0.0150511 0.0193425 0.0170340 0.0091930 0.0104368 -0.0035479 0.0024667 0.1684639 0.1439546 0.1406980 1.1811357 0.1632316 0.1508294 0.1830151 0.1426722 -0.0676401 -0.0685936 -0.0659753 -0.0665500 -0.0781506 -0.0907676 -0.0960612 -0.0856435 -0.0830312 -0.0507079 -0.0615294 -0.0764545 -0.0557200 -0.0746893 -0.0682579 -0.0735365 -0.0350408 -0.0594413 -0.0836653 -0.0372248 -0.0305395 -0.0683690 -0.0597219 -0.0821822 0.0475309 -0.0238394 -0.0023041 0.0115903 -0.0117161 -0.0172408 -0.0393364 -0.0110760 -0.0131846 -0.0043825 -0.0870245 -0.0132300 -0.0965960 -0.1033408 -0.1034114 -0.0576900 -0.0492669 -0.0572270 -0.0399355 -0.0825648 -0.0652780 -0.0607829 -0.0408331 0.0006898 0.0016294 0.0040196 -0.0115458 -0.0288578 -0.0094081 0.0140440 -0.0064557 0.1030972 0.0854530 -0.0309641 -0.0248048 -0.0263401 0.0151976 -0.0013462 0.1952104 -0.0003076 0.0511222 -0.0055354 -0.0034213 -0.0178820 0.1375711 -0.0350435 0.1534621
0.0004899 -0.0074181 -0.0041718 -0.0095634 -0.0004425 -0.0033197 -0.0069508 -0.0014566 0.0008006 0.0028423 0.0114415 0.0053632 -0.0023227 0.0027819 -0.0078656 -0.0083367 0.1767425 0.1421746 0.1561050 0.1632316 1.2148672 0.1529708 0.1723503 0.1638015 -0.0772705 -0.0711777 -0.0637330 -0.0733190 -0.0835921 -0.1018979 -0.0939345 -0.0947917 -0.0940061 -0.0551091 -0.0661997 -0.0877095 -0.0791999 -0.0763555 -0.0748334 -0.0749874 -0.0247520 -0.0602656 -0.0860564 -0.0392693 -0.0331753 -0.0678059 -0.0561204 -0.1025595 0.0615359 -0.0224954 -0.0124769 0.0220298 -0.0182006 -0.0262392 -0.0454960 0.0024211 -0.0078223 -0.0205031 -0.0995274 -0.0229872 -0.1049722 -0.1015204 -0.1025975 -0.0457313 -0.0542928 -0.0596910 -0.0427604 -0.1044455 -0.0585579 -0.0666276 -0.0321192 0.0174039 0.0104773 -0.0083942 -0.0132710 -0.0338390 0.0001637 0.0385720 -0.0049049 0.1223233 0.1256109 -0.0244679 -0.0055320 -0.0222987 0.0372853 -0.0024478 0.2276430 0.0043502 0.0663820 -0.0062901 -0.0044674 -0.0081690 0.1575239 0.0055637 0.1726291
0.0252320 0.0212907 0.0222086 0.0175425 0.0278110 0.0238224 0.0208901 0.0285713 0.0281928 0.0283133 0.0365767 0.0366323 0.0274170 0.0319103 0.0224616 0.0194389 0.1232930 0.1213418 0.1249088 0.1508294 0.1529708 1.1226765 0.1520952 0.1426201 -0.0632700 -0.0542400 -0.0542846 -0.0510106 -0.0680367 -0.0820830 -0.0796522 -0.0728654 -0.0725806 -0.0424069 -0.0540026 -0.0657366 -0.0583473 -0.0593175 -0.0637503 -0.0575891 -0.0258040 -0.0565665 -0.0699775 -0.0309669 -0.0242519 -0.0589250 -0.0526675 -0.0821662 0.0302351 -0.0325986 -0.0062151 0.0043674 -0.0137107 -0.0212395 -0.0439835 -0.0109424 -0.0275684 -0.0107030 -0.0737845 -0.0173321 -0.0947967 -0.0905012 -0.0902197 -0.0498572 -0.0635745 -0.0566919 -0.0494976 -0.0809774 -0.0652510 -0.0560602 -0.0515923 -0.0054033 -0.0086082 -0.0106174 -0.0246444 -0.0249518 -0.0082975 0.0186696 0.0115213 0.0710836 0.0608132 -0.0373286 -0.0240851 -0.0252653 0.0054635 -0.0068639 0.1415915 -0.0142641 0.0195220 -0.0192655 -0.0166870 -0.0244975 0.1004721 -0.0271788 0.1085354
0.0034936 0.0040946 0.0026511 0.0010754 0.0086994 0.0055911 0.0030090 0.0087769 0.0135056 0.0136057 0.0208109 0.0189366 0.0104916 0.0135211 0.0007455 0.0007204 0.1513720 0.1384511 0.1347840 0.1830151 0.1723503 0.1520952 1.1651106 0.1521960 -0.0688616 -0.0715617 -0.0680578 -0.0701600 -0.0776381 -0.0924487 -0.0863157 -0.0828651 -0.0825536 -0.0498211 -0.0608802 -0.0837935 -0.0701516 -0.0736406 -0.0733879 -0.0714462 -0.0226098 -0.0553216 -0.0788564 -0.0327747 -0.0338265 -0.0626270 -0.0570998 -0.0886529 0.0397992 -0.0239512 -0.0014719 0.0127978 -0.0213074 -0.0177237 -0.0428788 0.0009488 -0.0205156 0.0031565 -0.0827640 -0.0153322 -0.1020771 -0.1004418 -0.0986447 -0.0585156 -0.0582869 -0.0519055 -0.0469425 -0.0887163 -0.0608214 -0.0630119 -0.0465313 0.0075080 -0.0030201 -0.0001083 -0.0222415 -0.0295202 -0.0034228 0.0149230 0.0044613 0.1134649 0.0979642 -0.0253414 -0.0117254 -0.0199734 0.0310421 0.0024050 0.1898883 0.0093780 0.0538085 -0.0123031 -0.0104768 -0.0209225 0.1355581 -0.0148752 0.1583021
0.0068904 -0.0016922 -0.0009347 0.0009440 0.0045211 0.0024201 -0.0051684 -0.0010420 0.0067675 0.0098630 0.0134340 0.0102734 0.0037349 0.0102205 -0.0023707 -0.0009842 0.1575260 0.1247858 0.1284253 0.1426722 0.1638015 0.1426201 0.1521960 1.1352868 -0.0613978 -0.0532835 -0.0630405 -0.0557795 -0.0701927 -0.0836688 -0.0835874 -0.0713782 -0.0790078 -0.0457686 -0.0613558 -0.0717136 -0.0575209 -0.0614463 -0.0611446 -0.0666374 -0.0207950 -0.0520411 -0.0744200 -0.0324915 -0.0241873 -0.0554209 -0.0442477 -0.0882575 0.0334674 -0.0272878 -0.0007110 0.0163162 -0.0247138 -0.0180023 -0.0271001 -0.0039979 -0.0108760 -0.0087933 -0.0820060 -0.0282859 -0.0873465 -0.0903730 -0.0898105 -0.0539830 -0.0532563 -0.0573946 -0.0409650 -0.0877177 -0.0491566 -0.0523634 -0.0330451 0.0152498 0.0077030 -0.0126338 -0.0194996 -0.0167502 0.0026393 0.0236786 -0.0071956 0.0932837 0.0806264 -0.0296765 -0.0079571 -0.0286693 0.0331583 -0.0059663 0.1749011 -0.0105769 0.0328111 -0.0022226 -0.0007591 -0.0229280 0.1201506 -0.0123063 0.1352922
0.0189497 0.0197828 0.0178034 0.0215270 0.0221246 0.0231958 0.0209247 0.0203063 0.0206177 0.0169418 0.0156365 0.0151937 0.0171903 0.0194667 0.0187349 0.0226000 -0.0758883 -0.0567229 -0.0565433 -0.0676401 -0.0772705 -0.0632700 -0.0688616 -0.0613978 0.8496207 0.0314577 0.0359211 0.0516348 0.0664479 0.0808379 0.0812298 0.0591288 0.0393141 0.0267059 0.0227643 0.0402169 0.0281497 0.0291875 0.0251576 0.0356253 0.0065326 0.0144423 0.0298371 0.0105081 0.0168606 0.0281092 0.0122885 0.0192565 -0.0515191 -0.0078594 -0.0195825 -0.0211963 -0.0171245 -0.0044682 -0.0092350 -0.0143090 -0.0180408 -0.0174984 0.0237704 -0.0084025 0.0234574 0.0188517 0.0191907 0.0114661 0.0063847 0.0140112 -0.0028870 0.0201838 0.0063700 0.0255454 -0.0037577 -0.0300433 -0.0303457 -0.0110954 -0.0116748 -0.0016619 -0.0214677 -0.0359705 -0.0259498 -0.0878735 -0.1023120 -0.0126603 -0.0122726 -0.0019681 -0.0545644 -0.0296410 -0.1430617 -0.0203033 -0.0537985 -0.0381857 -0.0391209 -0.0101848 -0.1068065 -0.0199272 -0.1263447
0.0131900 0.0139877 0.0128982 0.0130409 0.0124539 0.0163292 0.0144555 0.0160492 0.0088069 0.0100272 0.0067626 0.0057892 0.0098380 0.0043063 0.0140214 0.0187284 -0.0727624 -0.0658870 -0.0569137 -0.0685936 -0.0711777 -0.0542400 -0.0715617 -0.0532835 0.0314577 0.8679835 0.0713207 0.0238625 0.0438513 0.0352562 0.0431107 0.0354808 0.0372638 0.0248920 0.0169488 0.0385488 0.0223085 0.0257726 0.0274781 0.0337712 0.0049581 0.0186524 0.0226611 0.0041851 0.0068802 0.0278587 0.0152553 0.0188576 -0.0413789 0.0033708 -0.0106630 -0.0194764 0.0004205 0.0045836 0.0091239 -0.0208780 -0.0130579 -0.0099035 0.0263404 -0.0027819 0.0395843 0.0298865 0.0288484 0.0098556 0.0077432 0.0115536 -0.0057148 0.0183841 0.0018096 0.0208382 -0.0063217 -0.0282304 -0.0168840 -0.0043440 -0.0026248 -0.0077953 -0.0147549 -0.0357772 -0.0145631 -0.0738766 -0.0832587 -0.0028938 -0.0159477 0.0024291 -0.0376221 -0.0135880 -0.1416456 -0.0171846 -0.0513745 -0.0305575 -0.0302077 -0.0044352 -0.0891525 -0.0202040 -0.1077730
0.0180712 0.0203945 0.0230184 0.0220773 0.0233374 0.0228408 0.0222907 0.0207880 0.0204014 0.0171392 0.0159357 0.0175765 0.0231639 0.0160046 0.0238983 0.0246608 -0.0731859 -0.0572659 -0.0501095 -0.0659753 -0.0637330 -0.0542846 -0.0680578 -0.0630405 0.0359211 0.0713207 0.8604954 0.0306877 0.0372579 0.0447428 0.0409868 0.0423278 0.0327452 0.0246442 0.0181547 0.0312856 0.0286874 0.0247675 0.0256642 0.0336481 0.0071011 0.0159073 0.0258231 0.0104687 0.0107626 0.0222478 0.0157481 0.0182806 -0.0489058 -0.0021742 -0.0223143 -0.0175576 -0.0112532 -0.0075721 -0.0030406 -0.0238085 -0.0181938 -0.0094772 0.0223416 0.0012516 0.0293559 0.0242727 0.0235785 0.0169364 0.0116547 0.0058656 -0.0032880 0.0173743 0.0010496 0.0250404 0.0006361 -0.0295983 -0.0312649 -0.0072300 -0.0051568 -0.0047476 -0.0210155 -0.0380950 -0.0192020 -0.0923373 -0.0970520 -0.0069523 -0.0159475 -0.0047334 -0.0400859 -0.0231021 -0.1369878 -0.0237460 -0.0518575 -0.0393928 -0.0405520 -0.0100764 -0.0958801 -0.0164100 -0.1125002
0.0039500 0.0064435 0.0108945 0.0118127 0.0068798 0.0079150 0.0093427 0.0075203 0.0083992 0.0087377 0.0068984 0.0054869 0.0080643 0.0077620 0.0097933 0.0102865 -0.0622540 -0.0581966 -0.0573624 -0.0665500 -0.0733190 -0.0510106 -0.0701600 -0.0557795 0.0516348 0.0238625 0.0306877 0.8755230 0.0710779 0.0519848 0.0473678 0.0612576 0.0216455 0.0235173 0.0142700 0.0339327 0.0277092 0.0257196 0.0244631 0.0170070 0.0163812 0.0200878 0.0284474 0.0080916 0.0080696 0.0331164 0.0292508 0.0252963 -0.0467292 -0.0073640 -0.0042305 -0.0141785 -0.0009009 0.0098412 0.0010048 -0.0246002 -0.0082687 -0.0130427 0.0264538 -0.0089214 0.0311212 0.0289877 0.0288729 0.0122508 0.0080224 0.0088353 -0.0100191 0.0253555 0.0057000 0.0243218 -0.0060422 -0.0186363 -0.0101348 -0.0117169 -0.0077405 -0.0037240 -0.0187004 -0.0358934 -0.0220644 -0.0778094 -0.0809359 -0.0076477 -0.0111619 -0.0031436 -0.0418965 -0.0194543 -0.1225471 -0.0182977 -0.0578264 -0.0331157 -0.0328181 -0.0173847 -0.0951188 -0.0188977 -0.1051006
0.0071241 0.0092449 0.0089263 0.0113934 0.0080785 0.0109229 0.0089158 0.0071946 0.0079441 0.0065761 0.0073559 0.0044469 0.0089560 0.0083380 0.0117147 0.0140896 -0.0816553 -0.0611423 -0.0642917 -0.0781506 -0.0835921 -0.0680367 -0.0776381 -0.0701927 0.0664479 0.0438513 0.0372579 0.0710779 0.8737377 0.0651403 0.0568445 0.0738499 0.0299719 0.0269682 0.0190082 0.0337254 0.0246892 0.0309153 0.0290928 0.0266462 0.0094239 0.0089064 0.0276300 0.0079270 0.0069628 0.0256947 0.0138014 0.0255585 -0.0305867 -0.0052313 -0.0090597 -0.0312784 -0.0010464 0.0057001 0.0006209 -0.0199624 -0.0110682 -0.0042759 0.0294566 -0.0052438 0.0415589 0.0363144 0.0359705 0.0197079 0.0090543 0.0159958 -0.0015317 0.0233344 0.0042472 0.0268108 -0.0009255 -0.0223212 -0.0211351 -0.0072353 -0.0065244 -0.0045540 -0.0173861 -0.0360164 -0.0148971 -0.0816205 -0.0854319 -0.0024326 -0.0180823 0.0004794 -0.0452562 -0.0282769 -0.1380041 -0.0260516 -0.0507267 -0.0279993 -0.0276175 -0.0122043 -0.1006189 -0.0190827 -0.1124728
0.0022228 0.0051786 0.0079766 0.0069955 0.0046721 0.0077565 0.0088686 0.0037637 0.0038757 0.0007430 -0.0010510 -0.0019794 0.0031854 -0.0007562 0.0087712 0.0093017 -0.0901412 -0.0786362 -0.0793543 -0.0907676 -0.1018979 -0.0820830 -0.0924487 -0.0836688 0.0808379 0.0352562 0.0447428 0.0519848 0.0651403 0.8699058 0.0848266 0.0631940 0.0317939 0.0306922 0.0258668 0.0405539 0.0339685 0.0449932 0.0287202 0.0392453 0.0076157 0.0229810 0.0413989 0.0141013 0.0163866 0.0314712 0.0234171 0.0443696 -0.0469280 -0.0050344 -0.0164509 -0.0178010 -0.0017167 0.0008952 0.0122016 -0.0209784 -0.0154635 -0.0101242 0.0325465 -0.0060542 0.0487972 0.0447223 0.0454638 0.0241175 0.0112904 0.0178884 0.0038117 0.0440913 0.0174712 0.0370135 0.0050719 -0.0271315 -0.0173296 -0.0130712 -0.0127996 0.0108954 -0.0223973 -0.0344182 -0.0173546 -0.0918498 -0.0958222 0.0026932 -0.0093349 -0.0006276 -0.0426267 -0.0173026 -0.1534607 -0.0177367 -0.0563948 -0.0279053 -0.0281681 -0.0078221 -0.1074393 -0.0149389 -0.1264748
0.0158214 0.0166949 0.0200544 0.0182003 0.0191473 0.0149981 0.0186986 0.0165483 0.0139069 0.0106022 0.0112066 0.0098160 0.0140440 0.0088706 0.0194891 0.0206867 -0.0988416 -0.0797291 -0.0764147 -0.0960612 -0.0939345 -0.0796522 -0.0863157 -0.0835874 0.0812298 0.0431107 0.0409868 0.0473678 0.0568445 0.0848266 0.8582780 0.0611730 0.0421414 0.0330474 0.0257837 0.0479412 0.0382085 0.0434441 0.0383573 0.0409122 0.0141003 0.0208837 0.0418442 0.0122386 0.0163607 0.0411249 0.0215010 0.0389302 -0.0608562 0.0033739 -0.0149546 -0.0132403 -0.0035826 0.0008519 0.0095109 -0.0184112 -0.0228032 -0.0155553 0.0447635 -0.0070479 0.0408837 0.0366981 0.0374372 0.0126443 0.0130215 0.0169681 0.0001939 0.0385828 0.0112750 0.0424092 -0.0012459 -0.0352835 -0.0244328 -0.0052308 -0.0033885 -0.0028642 -0.0215604 -0.0426478 -0.0226529 -0.1023669 -0.1124037 -0.0073619 -0.0160221 0.0026440 -0.0555882 -0.0262422 -0.1654321 -0.0215610 -0.0632351 -0.0328641 -0.0337351 -0.0090928 -0.1247914 -0.0087575 -0.1425722
0.0044709 0.0086508 0.0067294 0.0085968 0.0065293 0.0059255 0.0077976 0.0067028 0.0061258 0.0035821 -0.0007022 0.0009448 0.0052447 0.0015363 0.0063032 0.0132244 -0.0920650 -0.0737569 -0.0735981 -0.0856435 -0.0947917 -0.0728654 -0.0828651 -0.0713782 0.0591288 0.0354808 0.0423278 0.0612576 0.0738499 0.0631940 0.0611730 0.8707169 0.0381784 0.0275464 0.0161350 0.0420775 0.0308033 0.0316232 0.0339634 0.0268326 0.0043783 0.0187196 0.0293292 0.0098979 0.0096194 0.0324179 0.0215074 0.0287892 -0.0458459 0.0011820 -0.0151967 -0.0126375 -0.0082710 0.0080738 0.0080062 -0.0136095 -0.0130264 -0.0031559 0.0264604 0.0025020 0.0408155 0.0447343 0.0439949 0.0131804 0.0095388 0.0143218 0.0097958 0.0286185 0.0137889 0.0301826 0.0125628 -0.0219999 -0.0177581 -0.0139628 -0.0106106 0.0069795 -0.0138483 -0.0337684 -0.0203515 -0.0802075 -0.0873116 -0.0024488 -0.0173518 -0.0012106 -0.0412994 -0.0220197 -0.1337032 -0.0241064 -0.0465149 -0.0383713 -0.0386119 -0.0110746 -0.0940909 -0.0042560 -0.1133121
0.0131057 0.0123903 0.0165484 0.0164347 0.0140518 0.0179142 0.0170476 0.0168416 0.0140916 0.0128033 0.0096823 0.0107948 0.0167668 0.0083878 0.0170038 0.0248391 -0.0905389 -0.0709829 -0.0707049 -0.0830312 -0.0940061 -0.0725806 -0.0825536 -0.0790078 0.0393141 0.0372638 0.0327452 0.0216455 0.0299719 0.0317939 0.0421414 0.0381784 0.8537918 0.0289700 0.0307950 0.0517991 0.0294212 0.0448833 0.0443543 0.0463904 0.0086852 0.0242845 0.0379090 0.0148845 0.0160365 0.0250256 0.0159880 0.0369833 -0.0486290 0.0107854 -0.0116800 -0.0215574 -0.0037052 0.0010422 0.0060104 -0.0165827 -0.0151836 -0.0122157 0.0387203 -0.0075858 0.0378924 0.0349410 0.0343915 0.0175246 0.0139023 0.0187392 0.0055520 0.0355519 0.0097019 0.0296425 -0.0006524 -0.0271301 -0.0268186 -0.0015204 -0.0050846 -0.0024986 -0.0162350 -0.0359747 -0.0193467 -0.0887109 -0.0941781 -0.0060389 -0.0159590 -0.0019005 -0.0443862 -0.0148255 -0.1563666 -0.0152209 -0.0528280 -0.0321681 -0.0328061 -0.0090186 -0.1134325 -0.0228906 -0.1171989
0.0140281 0.0155231 0.0166029 0.0156939 0.0161095 0.0158190 0.0171565 0.0162345 0.0145447 0.0132873 0.0120370 0.0126646 0.0150429 0.0131635 0.0156759 0.0157686 -0.0524599 -0.0429934 -0.0422817 -0.0507079 -0.0551091 -0.0424069 -0.0498211 -0.0457686 0.0267059 0.0248920 0.0246442 0.0235173 0.0269682 0.0306922 0.0330474 0.0275464 0.0289700 0.9466709 0.0187722 0.0292752 0.0231487 0.0246042 0.0248385 0.0252778 0.0097801 0.0165560 0.0250843 0.0093661 0.0113483 0.0219101 0.0159865 0.0268727 -0.0300918 0.0039936 -0.0041848 -0.0110177 0.0005020 0.0024713 0.0059322 -0.0101636 -0.0071224 -0.0049074 0.0272108 0.0000319 0.0307744 0.0291901 0.0287963 0.0121515 0.0112381 0.0137652 0.0037962 0.0271997 0.0084181 0.0214416 0.0025951 -0.0160356 -0.0128310 -0.0007718 -0.0004553 0.0010514 -0.0082510 -0.0213211 -0.0081952 -0.0617061 -0.0644727 -0.0018168 -0.0079217 0.0032813 -0.0272786 -0.0125200 -0.0987671 -0.0099618 -0.0343977 -0.0157452 -0.0165000 -0.0030259 -0.0689864 -0.0086501 -0.0808848
0.0011639 0.0011664 0.0040933 0.0037856 -0.0016167 -0.0026539 0.0019579 -0.0003905 -0.0037441 -0.0013848 -0.0041993 -0.0000779 -0.0036064 -0.0021326 0.0068136 0.0064756 -0.0496129 -0.0546053 -0.0577194 -0.0615294 -0.0661997 -0.0540026 -0.0608802 -0.0613558 0.0227643 0.0169488 0.0181547 0.0142700 0.0190082 0.0258668 0.0257837 0.0161350 0.0307950 0.0187722 0.8827124 0.0310766 0.0255094 0.0248042 0.0154764 0.0240762 -0.0009706 0.0088026 0.0258023 -0.0039499 0.0048793 0.0126554 0.0076407 0.0211505 -0.0276553 -0.0003976 -0.0034084 -0.0159275 -0.0012784 0.0025770 0.0030482 -0.0123053 0.0019485 0.0011399 0.0239309 0.0020539 0.0231815 0.0203949 0.0194944 0.0122580 0.0076156 0.0147864 0.0014446 0.0209379 0.0053035 0.0234638 0.0053496 -0.0132509 -0.0155170 -0.0047962 -0.0040799 -0.0007241 -0.0034051 -0.0170293 -0.0028792 -0.0577507 -0.0592864 0.0006633 0.0031212 0.0075206 -0.0222920 -0.0125109 -0.0954238 -0.0129164 -0.0236798 -0.0191628 -0.0198049 -0.0011773 -0.0723856 -0.0030136 -0.0744170
0.0181130 0.0192778 0.0242608 0.0194877 0.0226806 0.0199021 0.0227339 0.0227766 0.0190649 0.0194211 0.0183361 0.0205566 0.0202964 0.0185965 0.0188073 0.0243941 -0.0850212 -0.0719502 -0.0623549 -0.0764545 -0.0877095 -0.0657366 -0.0837935 -0.0717136 0.0402169 0.0385488 0.0312856 0.0339327 0.0337254 0.0405539 0.0479412 0.0420775 0.0517991 0.0292752 0.0310766 0.8621062 0.0406311 0.0385634 0.0424285 0.0404899 0.0102898 0.0207308 0.0371997 0.0121424 0.0132800 0.0305279 0.0218196 0.0261570 -0.0456831 0.0046748 -0.0120795 -0.0225354 -0.0004950 0.0000047 0.0003465 -0.0079167 -0.0189513 -0.0151111 0.0390002 -0.0070249 0.0395434 0.0383717 0.0376353 0.0143147 0.0176523 0.0216989 -0.0001917 0.0285816 0.0063986 0.0355310 -0.0014891 -0.0255884 -0.0226240 -0.0084680 -0.0047419 -0.0028191 -0.0185430 -0.0377710 -0.0215112 -0.1028664 -0.1051306 -0.0057757 -0.0133686 -0.0045106 -0.0465541 -0.0287719 -0.1564026 -0.0207390 -0.0622708 -0.0369089 -0.0379697 -0.0120963 -0.1157472 -0.0212116 -0.1335062
0.0093284 0.0088680 0.0144321 0.0112970 0.0092346 0.0055381 0.0068925 0.0082665 0.0073863 0.0032125 0.0064496 0.0066873 0.0089080 0.0082766 0.0097320 0.0097328 -0.0636516 -0.0548285 -0.0584916 -0.0557200 -0.0791999 -0.0583473 -0.0701516 -0.0575209 0.0281497 0.0223085 0.0286874 0.0277092 0.0246892 0.0339685 0.0382085 0.0308033 0.0294212 0.0231487 0.0255094 0.0406311 0.8682246 0.0299891 0.0354784 0.0293795 -0.0001330 0.0098429 0.0286475 0.0021460 0.0122427 0.0199223 0.0099143 0.0224802 -0.0366001 -0.0009950 -0.0090681 -0.0107043 -0.0041226 0.0004357 0.0097120 -0.0234519 -0.0123213 -0.0088884 0.0328361 0.0009262 0.0281677 0.0254693 0.0262952 0.0085381 0.0172079 0.0097546 0.0016050 0.0229317 0.0086350 0.0325760 -0.0015984 -0.0181374 -0.0163447 -0.0033737 -0.0006283 0.0004591 -0.0101250 -0.0300591 -0.0196950 -0.0909865 -0.0927592 -0.0067287 -0.0168947 0.0012820 -0.0312600 -0.0233921 -0.1226250 -0.0069100 -0.0388768 -0.0260641 -0.0268176 -0.0055704 -0.0920665 -0.0108023 -0.1035810
0.0087028 0.0125698 0.0087303 0.0148996 0.0098546 0.0060985 0.0103233 0.0101666 0.0072277 0.0056641 0.0049159 0.0028081 0.0107692 0.0053724 0.0149877 0.0147352 -0.0705885 -0.0629411 -0.0639509 -0.0746893 -0.0763555 -0.0593175 -0.0736406 -0.0614463 0.0291875 0.0257726 0.0247675 0.0257196 0.0309153 0.0449932 0.0434441 0.0316232 0.0448833 0.0246042 0.0248042 0.0385634 0.0299891 0.8754972 0.0331344 0.0419835 0.0050867 0.0202630 0.0397631 0.0096584 0.0087912 0.0232459 0.0200121 0.0283204 -0.0406605 0.0045213 -0.0053113 -0.0097667 -0.0015184 -0.0032817 0.0113237 -0.0139854 -0.0130347 -0.0021622 0.0298716 -0.0100025 0.0324116 0.0301463 0.0304338 0.0132443 0.0104139 0.0177771 0.0055263 0.0268558 0.0147472 0.0327492 0.0009937 -0.0270693 -0.0186106 -0.0026275 -0.0029960 -0.0022122 -0.0151614 -0.0221575 -0.0123180 -0.0830842 -0.0954398 -0.0018822 -0.0162518 0.0069292 -0.0322823 -0.0250789 -0.1299670 -0.0145708 -0.0426889 -0.0166013 -0.0192990 -0.0100193 -0.0993608 -0.0123556 -0.1114356
0.0165381 0.0197663 0.0188583 0.0194280 0.0213797 0.0137066 0.0197475 0.0193786 0.0142246 0.0166392 0.0146197 0.0145180 0.0204735 0.0146582 0.0180442 0.0196044 -0.0720491 -0.0595642 -0.0602593 -0.0682579 -0.0748334 -0.0637503 -0.0733879 -0.0611446 0.0251576 0.0274781 0.0256642 0.0244631 0.0290928 0.0287202 0.0383573 0.0339634 0.0443543 0.0248385 0.0154764 0.0424285 0.0354784 0.0331344 0.8589037 0.0343502 0.0050648 0.0126026 0.0263437 0.0124566 0.0068719 0.0308984 0.0172824 0.0266238 -0.0509496 0.0050910 -0.0124289 -0.0082192 -0.0068178 0.0001762 0.0122481 -0.0133791 -0.0100178 -0.0186027 0.0260407 -0.0146528 0.0321846 0.0260227 0.0255395 0.0139820 0.0119330 0.0140966 -0.0047350 0.0265419 0.0007952 0.0208958 -0.0060964 -0.0298223 -0.0253690 -0.0061562 -0.0050450 -0.0060270 -0.0047383 -0.0349580 -0.0140650 -0.0798065 -0.0880386 -0.0126543 -0.0208152 0.0024533 -0.0465680 -0.0210278 -0.1422125 -0.0197924 -0.0573840 -0.0274553 -0.0282362 -0.0080274 -0.1025357 -0.0249398 -0.1082139
