0.0014682 0.7415007 0.2570311
0.0000994 0.7539185 0.2459821
0.0000991 0.7764679 0.2234330
0.0000995 0.7112625 0.2886381
0.0000991 0.7980266 0.2018743
0.0000992 0.7899414 0.2099594
0.0000989 0.7976006 0.2023005
0.0000990 0.8108287 0.1890723
0.0000994 0.8174815 0.1824191
0.0000996 0.8148880 0.1850124
0.0000998 0.8311822 0.1687180
0.0000996 0.8501520 0.1497485
0.0000992 0.8113818 0.1885190
0.0000996 0.8152109 0.1846895
0.0000997 0.7012041 0.2986962
0.0000995 0.7156046 0.2842959
0.5536988 0.4462016 0.0000996
0.4654110 0.5344894 0.0000996
0.4446902 0.5552102 0.0000996
0.4883814 0.5115191 0.0000996
0.5322297 0.4676707 0.0000996
0.4247368 0.5751636 0.0000996
0.4920172 0.5078832 0.0000996
0.4879906 0.5119098 0.0000996
0.0000994 0.2621562 0.7377444
0.0067067 0.2401489 0.7531444
0.0000998 0.2772707 0.7226295
0.0107422 0.2259409 0.7633169
0.0000997 0.2094908 0.7904094
0.0000991 0.1575769 0.8423240
0.0000984 0.1931559 0.8067456
0.0000995 0.1853925 0.8145079
0.0000992 0.2153962 0.7845047
0.0635895 0.2591369 0.6772736
0.0609084 0.1971518 0.7419398
0.0000990 0.2415356 0.7583655
0.0108898 0.2265987 0.7625115
0.0076142 0.2189173 0.7734685
0.0000998 0.2589258 0.7409744
0.0011562 0.2390302 0.7598136
0.1157704 0.3054927 0.5787370
0.0740937 0.2060394 0.7198669
0.0182089 0.1482257 0.8335653
0.1208996 0.2532922 0.6258082
0.0938715 0.3207369 0.5853916
0.0217916 0.2512233 0.7269851
0.0807281 0.2087636 0.7105083
0.0211906 0.0296581 0.9491513
0.4626856 0.0763445 0.4609699
0.1821525 0.1727034 0.6451442
0.2589262 0.1337822 0.6072916
0.3001223 0.1542971 0.5455807
0.2234028 0.0985439 0.6780534
0.1868679 0.1976585 0.6154735
0.1774340 0.0885548 0.7340112
0.3005589 0.1339594 0.5654817
0.2945708 0.0403125 0.6651167
0.2584579 0.1051304 0.6364117
0.0134221 0.0666995 0.9198784
0.2128991 0.1217432 0.6653576
0.0000998 0.0601935 0.9397067
0.0073098 0.0036646 0.9890255
0.0120012 0.0020416 0.9859573
0.1242413 0.1222850 0.7534737
0.1476541 0.0481097 0.8042362
0.1075089 0.1401340 0.7523571
0.2068654 0.0291092 0.7640254
0.0187836 0.0343387 0.9468778
0.1725636 0.0001001 0.8273363
0.0344715 0.1965784 0.7689501
0.2154039 0.0414385 0.7431575
0.3616311 0.0605844 0.5777845
0.3335471 0.0706675 0.5957854
0.2171321 0.1976200 0.5852479
0.2313196 0.1102936 0.6583868
0.2130979 0.1465545 0.6403476
0.2856975 0.1243791 0.5899234
0.4037299 0.0420824 0.5541878
0.2876221 0.1335229 0.5788550
0.7286396 0.0001002 0.2712602
0.7459139 0.0001004 0.2539856
0.2578903 0.0261877 0.7159220
0.2993655 0.0755327 0.6251017
0.2044246 0.0951058 0.7004696
0.4604508 0.0001001 0.5394491
0.3380113 0.0377297 0.6242590
0.9804404 0.0001002 0.0194594
0.3239418 0.0403069 0.6357512
0.5140648 0.0001000 0.4858352
0.3731143 0.0001006 0.6267851
0.3794342 0.0001006 0.6204652
0.2606248 0.0770204 0.6623549
0.7630194 0.0494031 0.1875776
0.3069212 0.0284725 0.6646064
0.8552393 0.0001003 0.1446604
