0.8590318 0.1174498 0.0733256 0.1045576 0.0754402 0.0717698 0.0739361 0.0786813 0.0712503 0.0690980 0.0666287 0.0759389 0.0674697 0.0652568 0.0681924 0.0681481 -0.0580906 -0.0346071 -0.0339161 -0.0449460 -0.0502083 -0.0220882 -0.0463388 -0.0371544 0.0323760 0.0276628 0.0294977 0.0191149 0.0254734 0.0269873 0.0392519 0.0257426 0.0312301 0.0274981 0.0155980 0.0358885 0.0239202 0.0260533 0.0293863 0.0252958 0.0054448 0.0103018 0.0170079 0.0041439 0.0161843 0.0231129 0.0119950 0.0110988 -0.0652542 -0.0092381 -0.0267448 -0.0345233 -0.0248236 -0.0102794 -0.0176783 -0.0324123 -0.0389135 -0.0312702 0.0136815 -0.0191431 0.0198623 0.0086535 0.0086137 0.0013420 -0.0169313 0.0027689 -0.0249711 0.0102169 -0.0227832 0.0170942 -0.0239388 -0.0504446 -0.0453527 -0.0135062 -0.0249930 -0.0207892 -0.0291564 -0.0567615 -0.0335201 -0.1233614 -0.1283851 -0.0345490 -0.0373417 -0.0196972 -0.0729882 -0.0503367 -0.1750621 -0.0434185 -0.0813204 -0.0657187 -0.0663865 -0.0293695 -0.1235931 -0.0402333 -0.1550296
0.1174498 0.8606112 0.0751030 0.1144882 0.0769491 0.0786701 0.0802633 0.0808106 0.0738820 0.0724542 0.0725311 0.0765102 0.0753916 0.0699549 0.0697813 0.0729737 -0.0647544 -0.0328750 -0.0309743 -0.0431502 -0.0585771 -0.0254915 -0.0461401 -0.0452835 0.0329278 0.0285017 0.0316230 0.0211836 0.0273383 0.0299194 0.0397247 0.0297825 0.0300581 0.0293233 0.0154711 0.0369629 0.0234162 0.0300060 0.0324440 0.0295577 0.0080540 0.0105419 0.0172591 0.0072030 0.0143509 0.0248010 0.0057273 0.0071447 -0.0690343 -0.0053867 -0.0287795 -0.0366399 -0.0266533 -0.0125334 -0.0175845 -0.0343635 -0.0434924 -0.0313077 0.0139129 -0.0191404 0.0170686 0.0104462 0.0103826 0.0003292 -0.0132524 0.0019713 -0.0220766 0.0071951 -0.0258356 0.0176678 -0.0264266 -0.0533518 -0.0470926 -0.0167749 -0.0259200 -0.0163808 -0.0335894 -0.0608956 -0.0330285 -0.1314342 -0.1346437 -0.0361964 -0.0400367 -0.0245419 -0.0803280 -0.0505278 -0.1816351 -0.0416525 -0.0873950 -0.0700241 -0.0716427 -0.0297714 -0.1307219 -0.0396441 -0.1589609
0.0733256 0.0751030 0.8560026 0.0733465 0.1215140 0.1153146 0.1361139 0.1217459 0.0749210 0.0747886 0.0727866 0.0758155 0.0764287 0.0714886 0.0742578 0.0743221 -0.0612494 -0.0412003 -0.0325948 -0.0519749 -0.0589561 -0.0278925 -0.0506738 -0.0479363 0.0319208 0.0283491 0.0352639 0.0269287 0.0282080 0.0345816 0.0449246 0.0291764 0.0358293 0.0313659 0.0195571 0.0433310 0.0300213 0.0273175 0.0325558 0.0328107 0.0123045 0.0155115 0.0173727 0.0039909 0.0190243 0.0309949 0.0100819 0.0093803 -0.0754672 -0.0116724 -0.0250143 -0.0396057 -0.0255107 -0.0134254 -0.0192178 -0.0354885 -0.0406641 -0.0339225 0.0109558 -0.0215247 0.0195569 0.0088612 0.0105863 -0.0054784 -0.0195017 -0.0038070 -0.0254502 0.0085098 -0.0261139 0.0148926 -0.0277144 -0.0531766 -0.0492529 -0.0148866 -0.0229763 -0.0210009 -0.0348334 -0.0647782 -0.0349478 -0.1390744 -0.1468104 -0.0365519 -0.0386615 -0.0244191 -0.0826211 -0.0502762 -0.1877887 -0.0533709 -0.0916409 -0.0702825 -0.0723430 -0.0330598 -0.1394661 -0.0430467 -0.1693523
0.1045576 0.1144882 0.0733465 0.8710209 0.0722602 0.0737053 0.0717518 0.0774804 0.0714378 0.0655982 0.0691467 0.0706313 0.0663619 0.0659862 0.0671520 0.0695709 -0.0592220 -0.0367359 -0.0313845 -0.0475515 -0.0571140 -0.0263982 -0.0455271 -0.0400262 0.0340194 0.0264725 0.0328058 0.0258804 0.0283280 0.0303123 0.0398809 0.0283612 0.0334122 0.0277970 0.0173048 0.0359530 0.0250490 0.0308576 0.0315208 0.0286114 0.0091692 0.0137878 0.0231919 0.0074980 0.0190492 0.0258604 0.0088273 0.0107694 -0.0659354 -0.0059235 -0.0227508 -0.0361365 -0.0240740 -0.0112219 -0.0138708 -0.0343424 -0.0381242 -0.0277807 0.0153911 -0.0149895 0.0171604 0.0085868 0.0104434 0.0015973 -0.0118222 0.0001793 -0.0264510 0.0116856 -0.0242637 0.0200980 -0.0248091 -0.0482936 -0.0471572 -0.0132337 -0.0230240 -0.0182973 -0.0307157 -0.0571133 -0.0314947 -0.1287977 -0.1319163 -0.0348245 -0.0333264 -0.0186355 -0.0775089 -0.0508480 -0.1791819 -0.0431478 -0.0850522 -0.0660404 -0.0659487 -0.0279337 -0.1280563 -0.0392066 -0.1550276
0.0754402 0.0769491 0.1215140 0.0722602 0.8661257 0.1312530 0.1349545 0.1286755 0.0753817 0.0728732 0.0718736 0.0767477 0.0744397 0.0713986 0.0707009 0.0752219 -0.0680520 -0.0381797 -0.0371873 -0.0511151 -0.0605534 -0.0283604 -0.0502590 -0.0473181 0.0377810 0.0295843 0.0369451 0.0246269 0.0296067 0.0339131 0.0463729 0.0314408 0.0354281 0.0316872 0.0153709 0.0438009 0.0269163 0.0302557 0.0367080 0.0305355 0.0157014 0.0153952 0.0177427 0.0065232 0.0191677 0.0277452 0.0117927 0.0080524 -0.0724371 -0.0087387 -0.0289395 -0.0362177 -0.0279660 -0.0119397 -0.0182796 -0.0372019 -0.0422358 -0.0339088 0.0140648 -0.0265943 0.0215916 0.0147341 0.0131920 -0.0032376 -0.0121268 0.0021644 -0.0252607 0.0070205 -0.0245822 0.0217220 -0.0270723 -0.0563456 -0.0526031 -0.0138505 -0.0227567 -0.0204372 -0.0359554 -0.0659311 -0.0353245 -0.1416432 -0.1499571 -0.0364171 -0.0419372 -0.0246456 -0.0813934 -0.0503644 -0.1908712 -0.0499111 -0.0905977 -0.0702275 -0.0717072 -0.0308428 -0.1403211 -0.0471627 -0.1685032
0.0717698 0.0786701 0.1153146 0.0737053 0.1312530 0.8602108 0.1298392 0.1238988 0.0757765 0.0733201 0.0720132 0.0788930 0.0732356 0.0717584 0.0720478 0.0762076 -0.0644419 -0.0403719 -0.0343813 -0.0502268 -0.0601265 -0.0285682 -0.0503186 -0.0467730 0.0378511 0.0323083 0.0356301 0.0245615 0.0311654 0.0350489 0.0407869 0.0294445 0.0379136 0.0312612 0.0134981 0.0397618 0.0217827 0.0255805 0.0281107 0.0300360 0.0132139 0.0141398 0.0204028 0.0045018 0.0189813 0.0269905 0.0112755 0.0055403 -0.0728952 -0.0116815 -0.0324444 -0.0361213 -0.0281743 -0.0117216 -0.0209610 -0.0338847 -0.0477536 -0.0347827 0.0102879 -0.0249000 0.0202788 0.0095338 0.0097195 -0.0006478 -0.0152266 0.0022839 -0.0262218 0.0052381 -0.0222500 0.0195787 -0.0305982 -0.0565790 -0.0514193 -0.0149838 -0.0235449 -0.0202377 -0.0338129 -0.0676125 -0.0337432 -0.1377809 -0.1477422 -0.0356241 -0.0381450 -0.0229254 -0.0827218 -0.0465761 -0.1873269 -0.0513212 -0.0888223 -0.0734804 -0.0750724 -0.0309250 -0.1366002 -0.0483462 -0.1648535
0.0739361 0.0802633 0.1361139 0.0717518 0.1349545 0.1298392 0.8541895 0.1390194 0.0774125 0.0765864 0.0742719 0.0812038 0.0758567 0.0766870 0.0706038 0.0776106 -0.0700969 -0.0398188 -0.0334454 -0.0470263 -0.0617286 -0.0295694 -0.0508721 -0.0524295 0.0349009 0.0299413 0.0343845 0.0252887 0.0284300 0.0354882 0.0438496 0.0305582 0.0362073 0.0326040 0.0175054 0.0419666 0.0225201 0.0293394 0.0333955 0.0345990 0.0131638 0.0119786 0.0179257 0.0040878 0.0156659 0.0255462 0.0092651 0.0057055 -0.0739587 -0.0104136 -0.0300894 -0.0396488 -0.0293635 -0.0131069 -0.0226057 -0.0367048 -0.0422753 -0.0364327 0.0085421 -0.0307674 0.0165737 0.0102706 0.0099504 -0.0023539 -0.0135813 0.0024364 -0.0246991 0.0052081 -0.0266763 0.0208029 -0.0301422 -0.0575619 -0.0533252 -0.0157982 -0.0237107 -0.0198416 -0.0371891 -0.0655243 -0.0368440 -0.1418882 -0.1494140 -0.0371572 -0.0389878 -0.0274339 -0.0837911 -0.0515908 -0.1950921 -0.0539030 -0.0928702 -0.0723450 -0.0738029 -0.0341553 -0.1427170 -0.0508368 -0.1737850
0.0786813 0.0808106 0.1217459 0.0774804 0.1286755 0.1238988 0.1390194 0.8639235 0.0793411 0.0748251 0.0749709 0.0840437 0.0747455 0.0766535 0.0750383 0.0761967 -0.0678065 -0.0429295 -0.0329117 -0.0515263 -0.0621370 -0.0277696 -0.0510287 -0.0531446 0.0361925 0.0334025 0.0345461 0.0255021 0.0290265 0.0331716 0.0443338 0.0319328 0.0383575 0.0323157 0.0167398 0.0439004 0.0257324 0.0308365 0.0347324 0.0331150 0.0145063 0.0129775 0.0200924 0.0063561 0.0151398 0.0300874 0.0092250 0.0089734 -0.0751111 -0.0092296 -0.0325291 -0.0337824 -0.0296720 -0.0115816 -0.0185114 -0.0374257 -0.0442845 -0.0385988 0.0089276 -0.0254790 0.0207248 0.0107898 0.0107090 -0.0050650 -0.0159824 0.0022924 -0.0276148 0.0077062 -0.0239876 0.0199850 -0.0284915 -0.0554915 -0.0529869 -0.0121520 -0.0255958 -0.0193039 -0.0347863 -0.0676044 -0.0357984 -0.1422827 -0.1495854 -0.0389654 -0.0387342 -0.0243754 -0.0807446 -0.0515750 -0.1948602 -0.0478965 -0.0935791 -0.0723510 -0.0746989 -0.0324960 -0.1432426 -0.0462219 -0.1699065
0.0712503 0.0738820 0.0749210 0.0714378 0.0753817 0.0757765 0.0774125 0.0793411 0.8684220 0.1144269 0.1209388 0.1169421 0.1174280 0.1109727 0.0770724 0.0817641 -0.0679573 -0.0398719 -0.0357981 -0.0453484 -0.0620958 -0.0311494 -0.0486611 -0.0475311 0.0374769 0.0268390 0.0347582 0.0272999 0.0306012 0.0345717 0.0426311 0.0321915 0.0367261 0.0312406 0.0142332 0.0410266 0.0257809 0.0286655 0.0302935 0.0300994 0.0116742 0.0070498 0.0165538 0.0118739 0.0210980 0.0282564 0.0145470 0.0098309 -0.0730380 -0.0101934 -0.0265560 -0.0435176 -0.0290973 -0.0123949 -0.0131946 -0.0347408 -0.0445769 -0.0305830 0.0106107 -0.0223421 0.0179206 0.0111375 0.0124725 -0.0025506 -0.0149315 0.0039755 -0.0248204 0.0092701 -0.0236587 0.0216799 -0.0268895 -0.0552916 -0.0452861 -0.0171556 -0.0260625 -0.0219926 -0.0414764 -0.0649406 -0.0345769 -0.1391274 -0.1418823 -0.0352415 -0.0451150 -0.0218243 -0.0849875 -0.0525522 -0.1872688 -0.0458612 -0.0917696 -0.0777339 -0.0783448 -0.0295943 -0.1429546 -0.0446214 -0.1691566
0.0690980 0.0724542 0.0747886 0.0655982 0.0728732 0.0733201 0.0765864 0.0748251 0.1144269 0.8625574 0.1068056 0.1130159 0.1291021 0.1109796 0.0702635 0.0758650 -0.0664683 -0.0389052 -0.0376534 -0.0440301 -0.0597121 -0.0301554 -0.0479026 -0.0440623 0.0333024 0.0277810 0.0313125 0.0272951 0.0290950 0.0310891 0.0388909 0.0295687 0.0350144 0.0300128 0.0165976 0.0411528 0.0212743 0.0269689 0.0325185 0.0316517 0.0089021 0.0096396 0.0175521 0.0110920 0.0180103 0.0246493 0.0114451 0.0102990 -0.0741668 -0.0081836 -0.0271936 -0.0351107 -0.0273357 -0.0084986 -0.0188168 -0.0328923 -0.0425420 -0.0332612 0.0098931 -0.0232444 0.0178578 0.0095241 0.0092177 -0.0047512 -0.0120564 0.0023878 -0.0253887 0.0096730 -0.0243324 0.0162072 -0.0300393 -0.0530463 -0.0452304 -0.0170595 -0.0265656 -0.0211066 -0.0369762 -0.0632382 -0.0336351 -0.1335811 -0.1414132 -0.0353041 -0.0399428 -0.0210800 -0.0833856 -0.0483659 -0.1822808 -0.0488900 -0.0890301 -0.0733559 -0.0735475 -0.0305880 -0.1359428 -0.0460310 -0.1614314
0.0666287 0.0725311 0.0727866 0.0691467 0.0718736 0.0720132 0.0742719 0.0749709 0.1209388 0.1068056 0.8824003 0.1230604 0.1138176 0.1094079 0.0752505 0.0760408 -0.0652716 -0.0392197 -0.0321094 -0.0488322 -0.0598035 -0.0305739 -0.0490355 -0.0477999 0.0345984 0.0273914 0.0325763 0.0284612 0.0330074 0.0331217 0.0433220 0.0288015 0.0355256 0.0298838 0.0161002 0.0429954 0.0277341 0.0290422 0.0332406 0.0299904 0.0127879 0.0127915 0.0209709 0.0108045 0.0197120 0.0286749 0.0118440 0.0106428 -0.0718566 -0.0103928 -0.0237468 -0.0390317 -0.0256391 -0.0121359 -0.0151291 -0.0349767 -0.0427213 -0.0292209 0.0166435 -0.0178017 0.0196326 0.0111697 0.0117783 -0.0016735 -0.0142603 0.0027045 -0.0241595 0.0106231 -0.0249417 0.0165550 -0.0275579 -0.0549056 -0.0454467 -0.0157206 -0.0225957 -0.0211942 -0.0370853 -0.0621755 -0.0359675 -0.1351749 -0.1410904 -0.0362968 -0.0377283 -0.0214343 -0.0846985 -0.0521926 -0.1840995 -0.0461560 -0.0925621 -0.0712852 -0.0717574 -0.0267403 -0.1406356 -0.0416752 -0.1656164
0.0759389 0.0765102 0.0758155 0.0706313 0.0767477 0.0788930 0.0812038 0.0840437 0.1169421 0.1130159 0.1230604 0.8748534 0.1205572 0.1145201 0.0722921 0.0819975 -0.0685930 -0.0377017 -0.0348769 -0.0476581 -0.0636870 -0.0277286 -0.0485947 -0.0493244 0.0334672 0.0255762 0.0334376 0.0262543 0.0290429 0.0311909 0.0412596 0.0295039 0.0354242 0.0310709 0.0195987 0.0445441 0.0268813 0.0263287 0.0323953 0.0286666 0.0128165 0.0105251 0.0223747 0.0085460 0.0207833 0.0255947 0.0136579 0.0079649 -0.0779050 -0.0122430 -0.0280212 -0.0392483 -0.0260632 -0.0096199 -0.0168839 -0.0379739 -0.0441432 -0.0274907 0.0118792 -0.0243870 0.0158646 0.0090970 0.0102991 -0.0046267 -0.0140391 0.0013422 -0.0232675 0.0082873 -0.0246558 0.0202000 -0.0263712 -0.0571672 -0.0475620 -0.0214073 -0.0286858 -0.0199722 -0.0390240 -0.0674954 -0.0343754 -0.1360337 -0.1434963 -0.0376492 -0.0409683 -0.0260859 -0.0887122 -0.0524037 -0.1843559 -0.0498385 -0.0921821 -0.0754488 -0.0761439 -0.0332370 -0.1384587 -0.0486726 -0.1689098
0.0674697 0.0753916 0.0764287 0.0663619 0.0744397 0.0732356 0.0758567 0.0747455 0.1174280 0.1291021 0.1138176 0.1205572 0.8666736 0.1193287 0.0743746 0.0773410 -0.0718744 -0.0388233 -0.0360293 -0.0479760 -0.0635457 -0.0290670 -0.0498098 -0.0488606 0.0331762 0.0273146 0.0369976 0.0260396 0.0305289 0.0325797 0.0416810 0.0303823 0.0384566 0.0314631 0.0137587 0.0412896 0.0264671 0.0316166 0.0358543 0.0292660 0.0091396 0.0090946 0.0206504 0.0138218 0.0180927 0.0263293 0.0140455 0.0066890 -0.0744404 -0.0084144 -0.0306926 -0.0348438 -0.0242646 -0.0153655 -0.0154593 -0.0368126 -0.0447867 -0.0316107 0.0135672 -0.0241971 0.0207118 0.0095399 0.0105823 -0.0062613 -0.0117234 0.0033628 -0.0270827 0.0076481 -0.0250229 0.0191468 -0.0289019 -0.0547236 -0.0507519 -0.0156424 -0.0260691 -0.0190139 -0.0378214 -0.0634514 -0.0340495 -0.1408872 -0.1450464 -0.0390681 -0.0448378 -0.0214067 -0.0868983 -0.0532670 -0.1888480 -0.0499460 -0.0917804 -0.0758900 -0.0758339 -0.0308293 -0.1429767 -0.0448629 -0.1700246
0.0652568 0.0699549 0.0714886 0.0659862 0.0713986 0.0717584 0.0766870 0.0766535 0.1109727 0.1109796 0.1094079 0.1145201 0.1193287 0.8730800 0.0742245 0.0701944 -0.0629219 -0.0367925 -0.0312975 -0.0486169 -0.0596067 -0.0261621 -0.0484902 -0.0441671 0.0358623 0.0222713 0.0303601 0.0264555 0.0308993 0.0295343 0.0372800 0.0275876 0.0306915 0.0299664 0.0155374 0.0404819 0.0263243 0.0267803 0.0304278 0.0318328 0.0100682 0.0116573 0.0211410 0.0097053 0.0165965 0.0273271 0.0131168 0.0109500 -0.0724104 -0.0107755 -0.0281155 -0.0369153 -0.0276246 -0.0139753 -0.0159512 -0.0330734 -0.0449076 -0.0310737 0.0129077 -0.0221185 0.0184164 0.0082746 0.0098710 -0.0027210 -0.0133964 0.0003636 -0.0264700 0.0106738 -0.0232874 0.0158125 -0.0293598 -0.0560052 -0.0469896 -0.0153247 -0.0237403 -0.0171359 -0.0337468 -0.0621043 -0.0347409 -0.1361831 -0.1399172 -0.0388461 -0.0408247 -0.0225642 -0.0852853 -0.0511397 -0.1830298 -0.0492822 -0.0912313 -0.0719308 -0.0723323 -0.0280731 -0.1384122 -0.0376277 -0.1650564
0.0681924 0.0697813 0.0742578 0.0671520 0.0707009 0.0720478 0.0706038 0.0750383 0.0770724 0.0702635 0.0752505 0.0722921 0.0743746 0.0742245 0.8616837 0.0731532 -0.0567296 -0.0347889 -0.0303959 -0.0465858 -0.0530925 -0.0199854 -0.0439977 -0.0417921 0.0308431 0.0269930 0.0342280 0.0232382 0.0281665 0.0312108 0.0406216 0.0252679 0.0333386 0.0275863 0.0196987 0.0346547 0.0227638 0.0304230 0.0298175 0.0297762 0.0097223 0.0117214 0.0184269 0.0093918 0.0163639 0.0285523 0.0061036 0.0106827 -0.0660038 -0.0081242 -0.0222150 -0.0344297 -0.0242437 -0.0071475 -0.0114906 -0.0339456 -0.0370614 -0.0228871 0.0140159 -0.0182701 0.0174634 0.0091557 0.0078295 -0.0057417 -0.0126199 -0.0002991 -0.0223109 0.0104434 -0.0240007 0.0164908 -0.0242665 -0.0470180 -0.0422769 -0.0164675 -0.0236997 -0.0200252 -0.0344532 -0.0583637 -0.0306254 -0.1221684 -0.1291253 -0.0303979 -0.0301756 -0.0189905 -0.0735649 -0.0463199 -0.1722427 -0.0421469 -0.0810015 -0.0665727 -0.0674134 -0.0300855 -0.1228349 -0.0420790 -0.1511768
0.0681481 0.0729737 0.0743221 0.0695709 0.0752219 0.0762076 0.0776106 0.0761967 0.0817641 0.0758650 0.0760408 0.0819975 0.0773410 0.0701944 0.0731532 0.8652962 -0.0656504 -0.0376757 -0.0342874 -0.0438335 -0.0568219 -0.0261328 -0.0468785 -0.0428641 0.0353993 0.0324808 0.0356657 0.0245561 0.0315535 0.0331093 0.0429074 0.0333152 0.0423584 0.0279415 0.0203689 0.0412099 0.0237397 0.0311310 0.0320788 0.0289058 0.0134676 0.0139593 0.0240034 0.0066263 0.0163101 0.0300236 0.0123671 0.0084342 -0.0663269 -0.0092590 -0.0234746 -0.0358226 -0.0243761 -0.0076222 -0.0147591 -0.0363827 -0.0407140 -0.0249352 0.0125017 -0.0176596 0.0211517 0.0101880 0.0098000 -0.0029244 -0.0101130 0.0044519 -0.0221592 0.0088927 -0.0250098 0.0179843 -0.0219740 -0.0510275 -0.0427177 -0.0122335 -0.0250023 -0.0131014 -0.0331227 -0.0615622 -0.0305573 -0.1258045 -0.1338082 -0.0317687 -0.0374706 -0.0227712 -0.0747867 -0.0477052 -0.1793812 -0.0439403 -0.0835442 -0.0709562 -0.0715266 -0.0275914 -0.1097219 -0.0459635 -0.1580848
-0.0580906 -0.0647544 -0.0612494 -0.0592220 -0.0680520 -0.0644419 -0.0700969 -0.0678065 -0.0679573 -0.0664683 -0.0652716 -0.0685930 -0.0718744 -0.0629219 -0.0567296 -0.0656504 1.1183386 0.0518046 0.0541257 0.0824515 0.0870153 0.0388107 0.0630241 0.0792710 -0.0531427 -0.0473652 -0.0522729 -0.0354562 -0.0512307 -0.0517407 -0.0651203 -0.0575302 -0.0611291 -0.0285752 -0.0241331 -0.0571681 -0.0373395 -0.0400152 -0.0494118 -0.0493786 -0.0172034 -0.0199393 -0.0455784 -0.0261421 -0.0350318 -0.0360706 -0.0194177 -0.0397172 0.0643692 -0.0148210 0.0078971 0.0253344 -0.0118152 0.0004938 0.0075365 0.0164396 0.0321139 0.0088095 -0.0450690 0.0011024 -0.0406848 -0.0424940 -0.0403354 -0.0208659 -0.0097993 -0.0191444 -0.0036347 -0.0390014 -0.0002276 -0.0394782 0.0008342 0.0348261 0.0336488 -0.0006504 0.0057456 -0.0064318 0.0146813 0.0314486 0.0180210 0.1162101 0.1225645 0.0156784 0.0270274 -0.0012386 0.0650752 0.0224453 0.1723615 0.0261389 0.0729907 0.0257420 0.0286743 -0.0067618 0.1171923 0.0314997 0.1487089
-0.0346071 -0.0328750 -0.0412003 -0.0367359 -0.0381797 -0.0403719 -0.0398188 -0.0429295 -0.0398719 -0.0389052 -0.0392197 -0.0377017 -0.0388233 -0.0367925 -0.0347889 -0.0376757 0.0518046 1.0480254 0.0537604 0.0618056 0.0556139 0.0405772 0.0528682 0.0495000 -0.0344406 -0.0414201 -0.0374560 -0.0327016 -0.0308190 -0.0412686 -0.0460950 -0.0400672 -0.0422644 -0.0187695 -0.0299020 -0.0448727 -0.0297614 -0.0335242 -0.0378297 -0.0406178 -0.0161708 -0.0307068 -0.0269731 -0.0179258 -0.0215045 -0.0341270 -0.0238752 -0.0280850 0.0254173 -0.0161058 0.0043979 -0.0067528 -0.0123317 -0.0014119 -0.0187460 0.0022086 0.0098453 0.0075942 -0.0318441 -0.0040354 -0.0357513 -0.0351231 -0.0343011 -0.0188213 -0.0107314 -0.0225183 -0.0066438 -0.0290426 -0.0141690 -0.0306710 -0.0096262 0.0212634 0.0131668 -0.0054270 -0.0001369 0.0081139 0.0013534 0.0259089 0.0129475 0.0682086 0.0701326 0.0087590 0.0154230 -0.0038598 0.0400565 0.0224898 0.1116065 0.0055631 0.0385624 0.0173666 0.0191922 0.0037162 0.0802058 0.0027813 0.1000130
-0.0339161 -0.0309743 -0.0325948 -0.0313845 -0.0371873 -0.0343813 -0.0334454 -0.0329117 -0.0357981 -0.0376534 -0.0321094 -0.0348769 -0.0360293 -0.0312975 -0.0303959 -0.0342874 0.0541257 0.0537604 1.0502187 0.0534985 0.0646318 0.0406303 0.0446692 0.0493628 -0.0329194 -0.0307478 -0.0289190 -0.0303930 -0.0329345 -0.0397898 -0.0408309 -0.0378990 -0.0405275 -0.0167701 -0.0318872 -0.0334004 -0.0320711 -0.0330252 -0.0374533 -0.0297141 -0.0198698 -0.0272261 -0.0315483 -0.0210563 -0.0091803 -0.0290455 -0.0266719 -0.0235275 0.0318083 -0.0095888 0.0027084 -0.0057457 -0.0028926 -0.0031322 -0.0092874 0.0142432 0.0007202 -0.0002338 -0.0336611 0.0008648 -0.0352668 -0.0316744 -0.0299717 -0.0111542 -0.0136171 -0.0194966 -0.0054330 -0.0237801 -0.0181258 -0.0274763 -0.0165919 0.0038288 0.0088911 -0.0029642 -0.0044233 -0.0025620 0.0034075 0.0132902 0.0017822 0.0671482 0.0749498 -0.0035092 0.0167312 -0.0161845 0.0305209 0.0132724 0.1000614 0.0059236 0.0138717 0.0158712 0.0161939 -0.0005438 0.0697100 0.0045835 0.0802313
-0.0449460 -0.0431502 -0.0519749 -0.0475515 -0.0511151 -0.0502268 -0.0470263 -0.0515263 -0.0453484 -0.0440301 -0.0488322 -0.0476581 -0.0479760 -0.0486169 -0.0465858 -0.0438335 0.0824515 0.0618056 0.0534985 1.1050029 0.0643609 0.0577722 0.0841239 0.0569264 -0.0424071 -0.0402557 -0.0428525 -0.0372490 -0.0437280 -0.0475511 -0.0574156 -0.0470322 -0.0504287 -0.0227040 -0.0331019 -0.0455468 -0.0267836 -0.0412514 -0.0431363 -0.0451706 -0.0307288 -0.0334429 -0.0433380 -0.0257842 -0.0260452 -0.0423321 -0.0352070 -0.0230962 0.0434357 -0.0067321 0.0101691 0.0160393 0.0101793 -0.0051687 -0.0089912 -0.0029418 0.0111801 0.0133937 -0.0347748 0.0059542 -0.0403641 -0.0387565 -0.0377024 -0.0272390 -0.0074609 -0.0252903 -0.0009604 -0.0245506 -0.0172861 -0.0290307 -0.0089486 0.0123005 0.0152543 0.0122614 0.0092989 -0.0123055 0.0011840 0.0231934 0.0029904 0.0853854 0.0709593 0.0014032 -0.0065396 -0.0012876 0.0284962 0.0156379 0.1404937 0.0187351 0.0545505 0.0309221 0.0333459 0.0050187 0.0988381 -0.0117938 0.1187158
-0.0502083 -0.0585771 -0.0589561 -0.0571140 -0.0605534 -0.0601265 -0.0617286 -0.0621370 -0.0620958 -0.0597121 -0.0598035 -0.0636870 -0.0635457 -0.0596067 -0.0530925 -0.0568219 0.0870153 0.0556139 0.0646318 0.0643609 1.1294962 0.0548161 0.0702695 0.0735077 -0.0511430 -0.0417872 -0.0401289 -0.0425682 -0.0476666 -0.0571052 -0.0538028 -0.0549405 -0.0603318 -0.0273172 -0.0373980 -0.0556160 -0.0493660 -0.0418170 -0.0488860 -0.0453105 -0.0202290 -0.0331080 -0.0436675 -0.0269394 -0.0289553 -0.0410036 -0.0299934 -0.0427314 0.0580799 -0.0046239 0.0011473 0.0269791 0.0046422 -0.0133177 -0.0138802 0.0114035 0.0173520 -0.0013964 -0.0453421 -0.0022003 -0.0460444 -0.0334897 -0.0337647 -0.0136411 -0.0104622 -0.0262146 -0.0021974 -0.0451128 -0.0079972 -0.0335972 0.0017108 0.0304942 0.0251454 0.0003080 0.0086030 -0.0159860 0.0115080 0.0489371 0.0049354 0.1051648 0.1119190 0.0097340 0.0138768 0.0047475 0.0519653 0.0161756 0.1710256 0.0251390 0.0709075 0.0330735 0.0346458 0.0157738 0.1180939 0.0306274 0.1377692
-0.0220882 -0.0254915 -0.0278925 -0.0263982 -0.0283604 -0.0285682 -0.0295694 -0.0277696 -0.0311494 -0.0301554 -0.0305739 -0.0277286 -0.0290670 -0.0261621 -0.0199854 -0.0261328 0.0388107 0.0405772 0.0406303 0.0577722 0.0548161 1.0503088 0.0549894 0.0585392 -0.0382875 -0.0263134 -0.0315726 -0.0215921 -0.0343602 -0.0386948 -0.0409825 -0.0341800 -0.0403144 -0.0150466 -0.0261456 -0.0345511 -0.0298222 -0.0257272 -0.0391539 -0.0298621 -0.0216697 -0.0311665 -0.0294250 -0.0197427 -0.0199747 -0.0339181 -0.0287328 -0.0242862 0.0263533 -0.0162802 0.0062553 0.0087038 0.0076449 -0.0095887 -0.0147237 -0.0031963 -0.0043400 0.0074183 -0.0226008 0.0019247 -0.0393047 -0.0260899 -0.0248112 -0.0199289 -0.0226147 -0.0252677 -0.0115411 -0.0245728 -0.0183319 -0.0247199 -0.0203862 0.0061741 0.0046174 -0.0025264 -0.0040279 -0.0086582 0.0018572 0.0273795 0.0203469 0.0536616 0.0461973 -0.0056938 -0.0066517 -0.0004911 0.0181819 0.0095347 0.0875148 0.0051339 0.0224362 0.0163133 0.0189921 -0.0022746 0.0619847 -0.0044700 0.0746249
-0.0463388 -0.0461401 -0.0506738 -0.0455271 -0.0502590 -0.0503186 -0.0508721 -0.0510287 -0.0486611 -0.0479026 -0.0490355 -0.0485947 -0.0498098 -0.0484902 -0.0439977 -0.0468785 0.0630241 0.0528682 0.0446692 0.0841239 0.0702695 0.0549894 1.0823346 0.0634162 -0.0423873 -0.0427754 -0.0443753 -0.0399484 -0.0422333 -0.0477635 -0.0462802 -0.0428493 -0.0484722 -0.0224730 -0.0318710 -0.0517217 -0.0404440 -0.0394299 -0.0477925 -0.0423513 -0.0180487 -0.0286124 -0.0366151 -0.0205322 -0.0297292 -0.0362616 -0.0314803 -0.0273492 0.0359265 -0.0063221 0.0120961 0.0176688 0.0019566 -0.0051172 -0.0117402 0.0097377 0.0042684 0.0218135 -0.0286971 0.0049117 -0.0438283 -0.0331946 -0.0307254 -0.0267405 -0.0152599 -0.0186344 -0.0070221 -0.0289189 -0.0108827 -0.0299114 -0.0129546 0.0198287 0.0114669 0.0082388 -0.0006400 -0.0123927 0.0079764 0.0245655 0.0141819 0.0956458 0.0840624 0.0082652 0.0070418 0.0065046 0.0453621 0.0205846 0.1331629 0.0299265 0.0574782 0.0258932 0.0274989 0.0028015 0.0954950 0.0097174 0.1227318
-0.0371544 -0.0452835 -0.0479363 -0.0400262 -0.0473181 -0.0467730 -0.0524295 -0.0531446 -0.0475311 -0.0440623 -0.0477999 -0.0493244 -0.0488606 -0.0441671 -0.0417921 -0.0428641 0.0792710 0.0495000 0.0493628 0.0569264 0.0735077 0.0585392 0.0634162 1.0718220 -0.0381940 -0.0275887 -0.0423694 -0.0287480 -0.0387180 -0.0445247 -0.0485273 -0.0357865 -0.0492079 -0.0210805 -0.0357979 -0.0432904 -0.0308537 -0.0309835 -0.0384113 -0.0406618 -0.0168170 -0.0284811 -0.0371185 -0.0217806 -0.0202897 -0.0321277 -0.0217659 -0.0351942 0.0297650 -0.0115179 0.0109748 0.0204875 -0.0047668 -0.0071648 0.0000402 0.0036638 0.0110377 0.0076439 -0.0344977 -0.0102390 -0.0355842 -0.0304647 -0.0292478 -0.0260235 -0.0152486 -0.0280130 -0.0056789 -0.0357479 -0.0056520 -0.0232789 -0.0043639 0.0261335 0.0202282 -0.0053343 -0.0003358 -0.0018970 0.0127050 0.0321186 0.0012644 0.0773254 0.0679035 -0.0004011 0.0083021 -0.0057300 0.0453570 0.0098797 0.1252158 0.0073862 0.0358875 0.0314466 0.0329285 -0.0023721 0.0846168 0.0088176 0.1040407
0.0323760 0.0329278 0.0319208 0.0340194 0.0377810 0.0378511 0.0349009 0.0361925 0.0374769 0.0333024 0.0345984 0.0334672 0.0331762 0.0358623 0.0308431 0.0353993 -0.0531427 -0.0344406 -0.0329194 -0.0424071 -0.0511430 -0.0382875 -0.0423873 -0.0381940 0.8506923 0.0239612 0.0299240 0.0437372 0.0577802 0.0700688 0.0723529 0.0491405 0.0308000 0.0193225 0.0151651 0.0324847 0.0204986 0.0203119 0.0186017 0.0280567 0.0055072 0.0074996 0.0188245 0.0073237 0.0158346 0.0213704 0.0055772 0.0033629 -0.0512077 -0.0124348 -0.0234274 -0.0226114 -0.0231117 -0.0078263 -0.0175436 -0.0168913 -0.0249058 -0.0227791 0.0100413 -0.0139728 0.0084863 0.0011144 0.0014281 0.0030691 -0.0051579 0.0051742 -0.0139750 0.0045754 -0.0072284 0.0170339 -0.0125744 -0.0337863 -0.0345134 -0.0134522 -0.0175621 -0.0060738 -0.0245375 -0.0389052 -0.0288909 -0.0841593 -0.0998742 -0.0216631 -0.0177074 -0.0090307 -0.0590921 -0.0347967 -0.1298153 -0.0259737 -0.0556758 -0.0492961 -0.0502872 -0.0165779 -0.0973547 -0.0268220 -0.1183390
0.0276628 0.0285017 0.0283491 0.0264725 0.0295843 0.0323083 0.0299413 0.0334025 0.0268390 0.0277810 0.0273914 0.0255762 0.0273146 0.0222713 0.0269930 0.0324808 -0.0473652 -0.0414201 -0.0307478 -0.0402557 -0.0417872 -0.0263134 -0.0427754 -0.0275887 0.0239612 0.8696265 0.0649138 0.0150910 0.0337511 0.0227473 0.0321356 0.0239913 0.0276999 0.0169519 0.0084505 0.0297605 0.0136822 0.0158276 0.0200100 0.0253393 0.0036638 0.0108380 0.0102583 0.0006109 0.0056639 0.0203035 0.0078177 0.0010716 -0.0402681 -0.0019783 -0.0146673 -0.0209461 -0.0063936 0.0009313 -0.0001026 -0.0235964 -0.0205434 -0.0155851 0.0105039 -0.0085531 0.0227524 0.0101617 0.0091722 0.0005981 -0.0049632 0.0018512 -0.0176322 0.0009334 -0.0130831 0.0112652 -0.0162267 -0.0321948 -0.0212801 -0.0067470 -0.0088724 -0.0128128 -0.0182031 -0.0390608 -0.0175084 -0.0690837 -0.0796415 -0.0128092 -0.0217538 -0.0054461 -0.0421512 -0.0189433 -0.1260489 -0.0232806 -0.0531105 -0.0422804 -0.0420126 -0.0114556 -0.0779267 -0.0277630 -0.0980606
0.0294977 0.0316230 0.0352639 0.0328058 0.0369451 0.0356301 0.0343845 0.0345461 0.0347582 0.0313125 0.0325763 0.0334376 0.0369976 0.0303601 0.0342280 0.0356657 -0.0522729 -0.0374560 -0.0289190 -0.0428525 -0.0401289 -0.0315726 -0.0443753 -0.0423694 0.0299240 0.0649138 0.8624043 0.0234937 0.0292822 0.0349904 0.0326565 0.0332331 0.0252871 0.0180730 0.0112069 0.0243229 0.0216503 0.0167618 0.0197519 0.0267765 0.0059909 0.0095937 0.0159911 0.0075326 0.0097403 0.0161390 0.0096740 0.0040314 -0.0480863 -0.0065012 -0.0256748 -0.0185170 -0.0168129 -0.0106073 -0.0105218 -0.0259907 -0.0242985 -0.0140442 0.0098434 -0.0032299 0.0160895 0.0086213 0.0077991 0.0093468 0.0014316 -0.0020286 -0.0130280 0.0034021 -0.0111892 0.0174127 -0.0073109 -0.0329689 -0.0347067 -0.0090676 -0.0101528 -0.0089443 -0.0237015 -0.0407934 -0.0214423 -0.0887479 -0.0940724 -0.0150930 -0.0206750 -0.0110289 -0.0439161 -0.0275036 -0.1241996 -0.0286630 -0.0532920 -0.0489561 -0.0501780 -0.0160221 -0.0869940 -0.0223852 -0.1044894
0.0191149 0.0211836 0.0269287 0.0258804 0.0246269 0.0245615 0.0252887 0.0255021 0.0272999 0.0272951 0.0284612 0.0262543 0.0260396 0.0264555 0.0232382 0.0245561 -0.0354562 -0.0327016 -0.0303930 -0.0372490 -0.0425682 -0.0215921 -0.0399484 -0.0287480 0.0437372 0.0150910 0.0234937 0.8773387 0.0606606 0.0391834 0.0360334 0.0494992 0.0115044 0.0152525 0.0054561 0.0247509 0.0186397 0.0153830 0.0167988 0.0081219 0.0150674 0.0118644 0.0154586 0.0043098 0.0066090 0.0251310 0.0215166 0.0069261 -0.0457405 -0.0128731 -0.0085150 -0.0155880 -0.0078957 0.0060486 -0.0085424 -0.0274234 -0.0159671 -0.0189522 0.0101898 -0.0153015 0.0136546 0.0084958 0.0082905 0.0025713 -0.0053693 -0.0013049 -0.0224633 0.0073083 -0.0097653 0.0144583 -0.0164099 -0.0226968 -0.0146262 -0.0143342 -0.0144954 -0.0091082 -0.0222795 -0.0389846 -0.0250654 -0.0730170 -0.0770521 -0.0179956 -0.0169704 -0.0112522 -0.0464401 -0.0250601 -0.1059295 -0.0246054 -0.0593473 -0.0453696 -0.0450706 -0.0245624 -0.0836023 -0.0263354 -0.0948672
0.0254734 0.0273383 0.0282080 0.0283280 0.0296067 0.0311654 0.0284300 0.0290265 0.0306012 0.0290950 0.0330074 0.0290429 0.0305289 0.0308993 0.0281665 0.0315535 -0.0512307 -0.0308190 -0.0329345 -0.0437280 -0.0476666 -0.0343602 -0.0422333 -0.0387180 0.0577802 0.0337511 0.0292822 0.0606606 0.8733095 0.0499337 0.0439118 0.0600718 0.0183307 0.0174362 0.0087568 0.0230617 0.0144357 0.0189728 0.0202293 0.0165185 0.0079592 -0.0004793 0.0124530 0.0036122 0.0055009 0.0166733 0.0049529 0.0039187 -0.0302174 -0.0117241 -0.0139459 -0.0332934 -0.0093192 0.0011683 -0.0107809 -0.0232806 -0.0203978 -0.0113817 0.0105538 -0.0125827 0.0209821 0.0122524 0.0117392 0.0083479 -0.0066345 0.0042502 -0.0163393 0.0021828 -0.0139625 0.0151634 -0.0131220 -0.0272272 -0.0267298 -0.0102788 -0.0143518 -0.0109189 -0.0219631 -0.0401275 -0.0186408 -0.0767259 -0.0819359 -0.0147380 -0.0253599 -0.0091745 -0.0514578 -0.0353604 -0.1201552 -0.0338277 -0.0532254 -0.0425354 -0.0422391 -0.0209427 -0.0882077 -0.0282372 -0.1019002
0.0269873 0.0299194 0.0345816 0.0303123 0.0339131 0.0350489 0.0354882 0.0331716 0.0345717 0.0310891 0.0331217 0.0311909 0.0325797 0.0295343 0.0312108 0.0331093 -0.0517407 -0.0412686 -0.0397898 -0.0475511 -0.0571052 -0.0386948 -0.0477635 -0.0445247 0.0700688 0.0227473 0.0349904 0.0391834 0.0499337 0.8651580 0.0681288 0.0458792 0.0172223 0.0188295 0.0131016 0.0274273 0.0213220 0.0301325 0.0178208 0.0266647 0.0059721 0.0111502 0.0225520 0.0087455 0.0146256 0.0202324 0.0121961 0.0169323 -0.0474886 -0.0131770 -0.0228867 -0.0208985 -0.0124895 -0.0048120 -0.0020652 -0.0259480 -0.0279594 -0.0195716 0.0085850 -0.0158184 0.0224920 0.0140590 0.0145895 0.0096619 -0.0088570 0.0028386 -0.0151421 0.0172661 -0.0063701 0.0225920 -0.0110961 -0.0342937 -0.0248716 -0.0174451 -0.0233446 0.0027861 -0.0284155 -0.0404586 -0.0225016 -0.0879336 -0.0933558 -0.0133280 -0.0189402 -0.0131536 -0.0513256 -0.0271749 -0.1339222 -0.0281459 -0.0608563 -0.0476781 -0.0479255 -0.0193454 -0.0933448 -0.0273556 -0.1155633
0.0392519 0.0397247 0.0449246 0.0398809 0.0463729 0.0407869 0.0438496 0.0443338 0.0426311 0.0388909 0.0433220 0.0412596 0.0416810 0.0372800 0.0406216 0.0429074 -0.0651203 -0.0460950 -0.0408309 -0.0574156 -0.0538028 -0.0409825 -0.0462802 -0.0485273 0.0723529 0.0321356 0.0326565 0.0360334 0.0439118 0.0681288 0.8545718 0.0459749 0.0294587 0.0228228 0.0146185 0.0367650 0.0269331 0.0303940 0.0289869 0.0300314 0.0130692 0.0105138 0.0249718 0.0075806 0.0152903 0.0315582 0.0116316 0.0142022 -0.0619990 -0.0039876 -0.0212756 -0.0162188 -0.0136184 -0.0044584 -0.0038959 -0.0229912 -0.0345088 -0.0244148 0.0230898 -0.0162681 0.0175484 0.0091146 0.0097989 -0.0003174 -0.0052260 0.0033355 -0.0173601 0.0144595 -0.0104552 0.0299681 -0.0160551 -0.0421800 -0.0317323 -0.0089409 -0.0128874 -0.0104920 -0.0273215 -0.0489540 -0.0278121 -0.1005971 -0.1121050 -0.0223550 -0.0250966 -0.0087210 -0.0645278 -0.0356489 -0.1494885 -0.0315378 -0.0685314 -0.0516250 -0.0526472 -0.0198012 -0.1137700 -0.0205812 -0.1348709
0.0257426 0.0297825 0.0291764 0.0283612 0.0314408 0.0294445 0.0305582 0.0319328 0.0321915 0.0295687 0.0288015 0.0295039 0.0303823 0.0275876 0.0252679 0.0333152 -0.0575302 -0.0400672 -0.0378990 -0.0470322 -0.0549405 -0.0341800 -0.0428493 -0.0357865 0.0491405 0.0239913 0.0332331 0.0494992 0.0600718 0.0458792 0.0459749 0.8693924 0.0248026 0.0168766 0.0044514 0.0299585 0.0190378 0.0181860 0.0239034 0.0153772 0.0027036 0.0080168 0.0122739 0.0050975 0.0080670 0.0220547 0.0114248 0.0043141 -0.0455001 -0.0059448 -0.0208803 -0.0150021 -0.0178367 0.0029772 -0.0049827 -0.0175423 -0.0239025 -0.0109896 0.0048390 -0.0060692 0.0171220 0.0172497 0.0164028 0.0003717 -0.0081500 0.0007941 -0.0067417 0.0044359 -0.0069757 0.0172675 -0.0011109 -0.0279744 -0.0241567 -0.0174818 -0.0198276 -0.0001222 -0.0189450 -0.0384950 -0.0246448 -0.0751369 -0.0838328 -0.0166252 -0.0256950 -0.0121820 -0.0484186 -0.0303723 -0.1137425 -0.0329445 -0.0494473 -0.0552646 -0.0555625 -0.0209090 -0.0799317 -0.0148263 -0.1016060
0.0312301 0.0300581 0.0358293 0.0334122 0.0354281 0.0379136 0.0362073 0.0383575 0.0367261 0.0350144 0.0355256 0.0354242 0.0384566 0.0306915 0.0333386 0.0423584 -0.0611291 -0.0422644 -0.0405275 -0.0504287 -0.0603318 -0.0403144 -0.0484722 -0.0492079 0.0308000 0.0276999 0.0252871 0.0115044 0.0183307 0.0172223 0.0294587 0.0248026 0.8527036 0.0194454 0.0209223 0.0416394 0.0195584 0.0334482 0.0361043 0.0367455 0.0073600 0.0151941 0.0236862 0.0109195 0.0149602 0.0163676 0.0071876 0.0163238 -0.0484835 0.0045054 -0.0166856 -0.0235385 -0.0118317 -0.0031931 -0.0050206 -0.0200962 -0.0243801 -0.0194078 0.0204087 -0.0148518 0.0182636 0.0118232 0.0111712 0.0065584 -0.0012379 0.0073912 -0.0090599 0.0150527 -0.0080104 0.0185788 -0.0124120 -0.0322430 -0.0325025 -0.0047520 -0.0130228 -0.0086057 -0.0205823 -0.0403880 -0.0232257 -0.0845219 -0.0912882 -0.0182789 -0.0231115 -0.0111462 -0.0504381 -0.0215352 -0.1402252 -0.0230880 -0.0556074 -0.0468088 -0.0475757 -0.0177022 -0.1018336 -0.0321911 -0.1074691
0.0274981 0.0293233 0.0313659 0.0277970 0.0316872 0.0312612 0.0326040 0.0323157 0.0312406 0.0300128 0.0298838 0.0310709 0.0314631 0.0299664 0.0275863 0.0279415 -0.0285752 -0.0187695 -0.0167701 -0.0227040 -0.0273172 -0.0150466 -0.0224730 -0.0210805 0.0193225 0.0169519 0.0180730 0.0152525 0.0174362 0.0188295 0.0228228 0.0168766 0.0194454 0.9531619 0.0108532 0.0210721 0.0149160 0.0157387 0.0173919 0.0170743 0.0083098 0.0091509 0.0133746 0.0057336 0.0099761 0.0148766 0.0088990 0.0100037 -0.0289221 -0.0009765 -0.0078329 -0.0122613 -0.0063395 -0.0009873 -0.0027510 -0.0125547 -0.0139913 -0.0097802 0.0117422 -0.0056630 0.0145167 0.0106067 0.0104503 0.0029907 -0.0006074 0.0046074 -0.0068956 0.0103011 -0.0053965 0.0125341 -0.0070275 -0.0195392 -0.0167999 -0.0029748 -0.0061361 -0.0039165 -0.0114662 -0.0239729 -0.0109089 -0.0565920 -0.0605205 -0.0106906 -0.0131603 -0.0041496 -0.0311546 -0.0177133 -0.0818928 -0.0157527 -0.0356556 -0.0269364 -0.0274103 -0.0093528 -0.0579390 -0.0155811 -0.0706784
0.0155980 0.0154711 0.0195571 0.0173048 0.0153709 0.0134981 0.0175054 0.0167398 0.0142332 0.0165976 0.0161002 0.0195987 0.0137587 0.0155374 0.0196987 0.0203689 -0.0241331 -0.0299020 -0.0318872 -0.0331019 -0.0373980 -0.0261456 -0.0318710 -0.0357979 0.0151651 0.0084505 0.0112069 0.0054561 0.0087568 0.0131016 0.0146185 0.0044514 0.0209223 0.0108532 0.8848629 0.0219999 0.0168863 0.0148752 0.0080374 0.0153299 -0.0024263 0.0010204 0.0134345 -0.0075276 0.0035396 0.0049558 0.0002102 0.0034431 -0.0266882 -0.0056021 -0.0072989 -0.0173390 -0.0079395 -0.0010508 -0.0060445 -0.0149300 -0.0053748 -0.0044671 0.0082413 -0.0040083 0.0063649 0.0006536 -0.0002790 0.0029941 -0.0050238 0.0051156 -0.0103166 0.0036721 -0.0093626 0.0138486 -0.0043056 -0.0169034 -0.0197387 -0.0073068 -0.0103426 -0.0057717 -0.0067016 -0.0199157 -0.0057238 -0.0526284 -0.0552512 -0.0091419 -0.0024342 -0.0001377 -0.0265092 -0.0179525 -0.0790125 -0.0189639 -0.0248671 -0.0305209 -0.0310907 -0.0080715 -0.0609812 -0.0103286 -0.0643359
0.0358885 0.0369629 0.0433310 0.0359530 0.0438009 0.0397618 0.0419666 0.0439004 0.0410266 0.0411528 0.0429954 0.0445441 0.0412896 0.0404819 0.0346547 0.0412099 -0.0571681 -0.0448727 -0.0334004 -0.0455468 -0.0556160 -0.0345511 -0.0517217 -0.0432904 0.0324847 0.0297605 0.0243229 0.0247509 0.0230617 0.0274273 0.0367650 0.0299585 0.0416394 0.0210721 0.0219999 0.8613572 0.0314990 0.0281216 0.0347082 0.0316386 0.0092155 0.0121947 0.0237381 0.0082709 0.0124359 0.0224928 0.0137806 0.0064929 -0.0461954 -0.0012671 -0.0169951 -0.0247602 -0.0082998 -0.0040870 -0.0101294 -0.0112438 -0.0280819 -0.0219951 0.0217669 -0.0141925 0.0210248 0.0165429 0.0159444 0.0037853 0.0031664 0.0108510 -0.0140937 0.0091696 -0.0106750 0.0253691 -0.0131254 -0.0307415 -0.0281660 -0.0114328 -0.0122881 -0.0088122 -0.0230571 -0.0423057 -0.0253217 -0.1002621 -0.1035636 -0.0174871 -0.0202561 -0.0136195 -0.0530004 -0.0358536 -0.1421412 -0.0283322 -0.0656536 -0.0516244 -0.0526100 -0.0204249 -0.1059225 -0.0302167 -0.1259666
0.0239202 0.0234162 0.0300213 0.0250490 0.0269163 0.0217827 0.0225201 0.0257324 0.0257809 0.0212743 0.0277341 0.0268813 0.0264671 0.0263243 0.0227638 0.0237397 -0.0373395 -0.0297614 -0.0320711 -0.0267836 -0.0493660 -0.0298222 -0.0404440 -0.0308537 0.0204986 0.0136822 0.0216503 0.0186397 0.0144357 0.0213220 0.0269331 0.0190378 0.0195584 0.0149160 0.0168863 0.0314990 0.8701835 0.0201042 0.0278695 0.0208158 -0.0015963 0.0019123 0.0159223 -0.0015449 0.0108186 0.0120814 0.0022192 0.0044700 -0.0355917 -0.0063910 -0.0131611 -0.0120541 -0.0109306 -0.0032292 0.0004799 -0.0261368 -0.0199406 -0.0146436 0.0171212 -0.0052088 0.0110474 0.0054749 0.0060833 -0.0009165 0.0042651 -0.0002931 -0.0105029 0.0052837 -0.0064594 0.0228805 -0.0115609 -0.0219352 -0.0207982 -0.0060270 -0.0070386 -0.0047882 -0.0136228 -0.0331293 -0.0227213 -0.0864130 -0.0889774 -0.0168792 -0.0225983 -0.0065636 -0.0355904 -0.0290827 -0.1058379 -0.0130870 -0.0401446 -0.0377321 -0.0386019 -0.0127269 -0.0803892 -0.0182810 -0.0934213
0.0260533 0.0300060 0.0273175 0.0308576 0.0302557 0.0255805 0.0293394 0.0308365 0.0286655 0.0269689 0.0290422 0.0263287 0.0316166 0.0267803 0.0304230 0.0311310 -0.0400152 -0.0335242 -0.0330252 -0.0412514 -0.0418170 -0.0257272 -0.0394299 -0.0309835 0.0203119 0.0158276 0.0167618 0.0153830 0.0189728 0.0301325 0.0303940 0.0181860 0.0334482 0.0157387 0.0148752 0.0281216 0.0201042 0.8772487 0.0243480 0.0320519 0.0034494 0.0113056 0.0253806 0.0053652 0.0072355 0.0143451 0.0112015 0.0073455 -0.0399755 -0.0016670 -0.0102606 -0.0116281 -0.0097607 -0.0077238 0.0003243 -0.0173257 -0.0220297 -0.0089265 0.0111995 -0.0171861 0.0124708 0.0067713 0.0070975 0.0021057 -0.0045892 0.0064343 -0.0084333 0.0060467 -0.0026658 0.0215746 -0.0107738 -0.0316959 -0.0237252 -0.0056030 -0.0105608 -0.0083968 -0.0192834 -0.0258828 -0.0156990 -0.0776965 -0.0917698 -0.0134884 -0.0230521 -0.0022085 -0.0373594 -0.0318625 -0.1113293 -0.0220825 -0.0445493 -0.0306908 -0.0332195 -0.0181532 -0.0864595 -0.0211120 -0.1004561
0.0293863 0.0324440 0.0325558 0.0315208 0.0367080 0.0281107 0.0333955 0.0347324 0.0302935 0.0325185 0.0332406 0.0323953 0.0358543 0.0304278 0.0298175 0.0320788 -0.0494118 -0.0378297 -0.0374533 -0.0431363 -0.0488860 -0.0391539 -0.0477925 -0.0384113 0.0186017 0.0200100 0.0197519 0.0167988 0.0202293 0.0178208 0.0289869 0.0239034 0.0361043 0.0173919 0.0080374 0.0347082 0.0278695 0.0243480 0.8600639 0.0269749 0.0039475 0.0056854 0.0154052 0.0092624 0.0056891 0.0241308 0.0106155 0.0110030 -0.0504661 0.0003899 -0.0161043 -0.0096023 -0.0128366 -0.0029711 0.0040456 -0.0158849 -0.0166628 -0.0237886 0.0122336 -0.0199861 0.0176172 0.0086630 0.0080307 0.0057240 0.0006816 0.0053080 -0.0157022 0.0110087 -0.0124638 0.0124439 -0.0147714 -0.0333035 -0.0294247 -0.0084860 -0.0107315 -0.0104823 -0.0076453 -0.0379262 -0.0166876 -0.0756294 -0.0849923 -0.0216101 -0.0259123 -0.0044133 -0.0507845 -0.0259057 -0.1288788 -0.0252209 -0.0589154 -0.0380492 -0.0390002 -0.0142351 -0.0930768 -0.0316844 -0.0998508
0.0252958 0.0295577 0.0328107 0.0286114 0.0305355 0.0300360 0.0345990 0.0331150 0.0300994 0.0316517 0.0299904 0.0286666 0.0292660 0.0318328 0.0297762 0.0289058 -0.0493786 -0.0406178 -0.0297141 -0.0451706 -0.0453105 -0.0298621 -0.0423513 -0.0406618 0.0280567 0.0253393 0.0267765 0.0081219 0.0165185 0.0266647 0.0300314 0.0153772 0.0367455 0.0170743 0.0153299 0.0316386 0.0208158 0.0320519 0.0269749 0.8627352 0.0013865 0.0127543 0.0162765 0.0082351 0.0136688 0.0205895 0.0052338 0.0143356 -0.0495912 -0.0029477 -0.0144063 -0.0144656 -0.0082877 -0.0099157 -0.0051668 -0.0158604 -0.0202370 -0.0142353 0.0101046 -0.0099088 0.0151786 0.0055771 0.0061053 -0.0002721 -0.0043776 0.0044646 -0.0106391 0.0144410 -0.0026037 0.0138792 -0.0139928 -0.0311885 -0.0302368 -0.0071963 -0.0097938 -0.0121269 -0.0180586 -0.0393785 -0.0169730 -0.0811973 -0.0921438 -0.0176366 -0.0213816 -0.0015949 -0.0478818 -0.0247185 -0.1236383 -0.0163678 -0.0545716 -0.0419567 -0.0417767 -0.0156013 -0.0854349 -0.0181290 -0.1036845
