0.8842022 0.1452157 0.1030280 0.1307188 0.1085164 0.1023425 0.1038084 0.1121756 0.1055169 0.1026291 0.1046337 0.1124320 0.1004337 0.0991106 0.0925203 0.0948376 -0.0141999 0.0076859 0.0093797 0.0026326 0.0004897 0.0252318 0.0034933 0.0068901 0.0189499 0.0131902 0.0180713 0.0039502 0.0071239 0.0022227 0.0158216 0.0044710 0.0131057 0.0140285 0.0011640 0.0181131 0.0093284 0.0087029 0.0165381 0.0108156 0.0033979 -0.0027619 -0.0040020 -0.0016862 0.0143295 0.0100427 -0.0003110 -0.0197241 -0.0645267 -0.0179385 -0.0337248 -0.0373474 -0.0363396 -0.0165354 -0.0331079 -0.0371496 -0.0520132 -0.0411886 -0.0139288 -0.0298483 -0.0113437 -0.0263756 -0.0276190 -0.0143411 -0.0382463 -0.0137678 -0.0446838 -0.0195214 -0.0478940 0.0011273 -0.0408617 -0.0571357 -0.0531692 -0.0179882 -0.0364305 -0.0297556 -0.0351764 -0.0622150 -0.0388453 -0.1168102 -0.1230384 -0.0514478 -0.0469350 -0.0332400 -0.0810153 -0.0599906 -0.1516643 -0.0541006 -0.0841610 -0.0848053 -0.0854723 -0.0414038 -0.1054069 -0.0529624 -0.1415018
0.1452157 0.8851628 0.1047389 0.1406945 0.1102668 0.1095697 0.1101410 0.1143356 0.1084310 0.1064172 0.1107280 0.1135957 0.1082887 0.1035868 0.0943134 0.1000487 -0.0214591 0.0089759 0.0120878 0.0046066 -0.0074180 0.0212907 0.0040945 -0.0016923 0.0197829 0.0139878 0.0203944 0.0064436 0.0092446 0.0051783 0.0166950 0.0086508 0.0123902 0.0155234 0.0011665 0.0192778 0.0088679 0.0125698 0.0197662 0.0152824 0.0060758 -0.0023661 -0.0038053 0.0014675 0.0125042 0.0117652 -0.0063024 -0.0236552 -0.0683330 -0.0139581 -0.0356991 -0.0396569 -0.0383282 -0.0187747 -0.0330866 -0.0390496 -0.0564415 -0.0413556 -0.0135783 -0.0301239 -0.0143605 -0.0250139 -0.0260189 -0.0151984 -0.0345366 -0.0144468 -0.0417376 -0.0222832 -0.0505348 0.0017521 -0.0430435 -0.0601545 -0.0547115 -0.0214420 -0.0372957 -0.0251008 -0.0398410 -0.0667375 -0.0383672 -0.1253984 -0.1293609 -0.0533343 -0.0498051 -0.0380222 -0.0883987 -0.0602595 -0.1580637 -0.0522869 -0.0901183 -0.0889511 -0.0907448 -0.0417536 -0.1126196 -0.0523018 -0.1455636
0.1030280 0.1047389 0.8836958 0.1016743 0.1574322 0.1489297 0.1685682 0.1583005 0.1118158 0.1110564 0.1143787 0.1157159 0.1119854 0.1079618 0.1005603 0.1031510 -0.0150104 0.0041087 0.0139250 -0.0010840 -0.0041723 0.0222080 0.0026505 -0.0009353 0.0178036 0.0128984 0.0230185 0.0108946 0.0089261 0.0079766 0.0200547 0.0067295 0.0165485 0.0166033 0.0040935 0.0242609 0.0144321 0.0087305 0.0188583 0.0175206 0.0101722 0.0015801 -0.0050710 -0.0019169 0.0170498 0.0170731 -0.0027880 -0.0235018 -0.0748822 -0.0206325 -0.0326220 -0.0427997 -0.0378702 -0.0202812 -0.0357584 -0.0406533 -0.0549586 -0.0448411 -0.0184254 -0.0329291 -0.0137954 -0.0287762 -0.0283347 -0.0221461 -0.0421884 -0.0213915 -0.0467529 -0.0230276 -0.0530850 -0.0022518 -0.0455815 -0.0605103 -0.0575083 -0.0199219 -0.0351524 -0.0306719 -0.0414121 -0.0708018 -0.0407403 -0.1328013 -0.1419258 -0.0548674 -0.0493221 -0.0390964 -0.0917903 -0.0610193 -0.1633774 -0.0647810 -0.0947996 -0.0906121 -0.0924708 -0.0461269 -0.1206403 -0.0567623 -0.1555048
0.1307188 0.1406945 0.1016743 0.8947957 0.1031806 0.1029422 0.1003982 0.1091296 0.1037812 0.0973702 0.1046560 0.1055299 0.0974725 0.0980520 0.0901653 0.0945737 -0.0188095 0.0026745 0.0093744 -0.0025152 -0.0095637 0.0175423 0.0010751 0.0009437 0.0215272 0.0130411 0.0220774 0.0118129 0.0113932 0.0069954 0.0182006 0.0085969 0.0164347 0.0156943 0.0037857 0.0194878 0.0112971 0.0148998 0.0194280 0.0150728 0.0072936 0.0016270 0.0033567 0.0021623 0.0173194 0.0139045 -0.0024000 -0.0180197 -0.0653640 -0.0141586 -0.0294426 -0.0389355 -0.0350357 -0.0170981 -0.0284822 -0.0386933 -0.0504531 -0.0369843 -0.0107272 -0.0252836 -0.0122225 -0.0244490 -0.0238399 -0.0131802 -0.0316011 -0.0151596 -0.0449367 -0.0162798 -0.0475673 0.0051872 -0.0407611 -0.0546424 -0.0544158 -0.0175352 -0.0337302 -0.0268047 -0.0367215 -0.0625014 -0.0364982 -0.1230272 -0.1274626 -0.0507788 -0.0424522 -0.0315938 -0.0851295 -0.0601733 -0.1572325 -0.0534134 -0.0879294 -0.0837922 -0.0836059 -0.0392486 -0.1114718 -0.0510572 -0.1429164
0.1085164 0.1102668 0.1574322 0.1031806 0.9007011 0.1687832 0.1717124 0.1691746 0.1164822 0.1134329 0.1174822 0.1209246 0.1141715 0.1120541 0.0999983 0.1070865 -0.0171793 0.0121642 0.0144675 0.0056255 -0.0004424 0.0278108 0.0086993 0.0045211 0.0221245 0.0124539 0.0233372 0.0068798 0.0080780 0.0046717 0.0191473 0.0065292 0.0140516 0.0161097 -0.0016166 0.0226804 0.0092344 0.0098545 0.0213795 0.0133798 0.0133536 -0.0000268 -0.0071942 -0.0001885 0.0168069 0.0126045 -0.0026778 -0.0283453 -0.0717479 -0.0190573 -0.0375552 -0.0395562 -0.0419921 -0.0194640 -0.0371028 -0.0428601 -0.0577424 -0.0459488 -0.0188546 -0.0394617 -0.0152439 -0.0269074 -0.0296204 -0.0216179 -0.0375199 -0.0174021 -0.0485193 -0.0282015 -0.0541351 0.0027103 -0.0472622 -0.0645774 -0.0617926 -0.0195704 -0.0364018 -0.0311443 -0.0433768 -0.0728236 -0.0417022 -0.1345529 -0.1443342 -0.0565209 -0.0535930 -0.0405951 -0.0912827 -0.0623636 -0.1637381 -0.0627526 -0.0942637 -0.0929554 -0.0943712 -0.0453420 -0.1194846 -0.0625105 -0.1533211
0.1023425 0.1095697 0.1489297 0.1029422 0.1687832 0.8897554 0.1637237 0.1614491 0.1140934 0.1112515 0.1152033 0.1205249 0.1102761 0.1098312 0.0993080 0.1061623 -0.0158502 0.0066208 0.0138237 0.0029590 -0.0033200 0.0238217 0.0055906 0.0024196 0.0231958 0.0163293 0.0228408 0.0079151 0.0109226 0.0077564 0.0149983 0.0059256 0.0179142 0.0158194 -0.0026538 0.0199021 0.0055381 0.0060986 0.0137065 0.0139260 0.0110809 -0.0003632 -0.0032835 -0.0017260 0.0166642 0.0123646 -0.0022408 -0.0288968 -0.0720602 -0.0214539 -0.0405416 -0.0392318 -0.0411679 -0.0188139 -0.0385228 -0.0391480 -0.0623881 -0.0460073 -0.0202427 -0.0369086 -0.0145468 -0.0297328 -0.0307182 -0.0179292 -0.0389658 -0.0163236 -0.0483969 -0.0277220 -0.0503368 0.0016963 -0.0491941 -0.0643076 -0.0600676 -0.0199953 -0.0362624 -0.0301334 -0.0405699 -0.0740601 -0.0398637 -0.1306048 -0.1421257 -0.0548293 -0.0490833 -0.0380076 -0.0919493 -0.0579128 -0.1616666 -0.0632595 -0.0921302 -0.0949195 -0.0960373 -0.0446968 -0.1165074 -0.0625006 -0.1501699
0.1038084 0.1101410 0.1685682 0.1003982 0.1717124 0.1637237 0.8808374 0.1760954 0.1149240 0.1135547 0.1168783 0.1218435 0.1117460 0.1136205 0.0973594 0.1074446 -0.0232017 0.0049950 0.0131386 0.0037720 -0.0069505 0.0208903 0.0030092 -0.0051683 0.0209247 0.0144555 0.0222906 0.0093427 0.0089153 0.0088682 0.0186986 0.0077974 0.0170474 0.0171568 0.0019579 0.0227338 0.0068923 0.0103232 0.0197473 0.0192447 0.0113215 -0.0018273 -0.0047398 -0.0019562 0.0137219 0.0115249 -0.0036516 -0.0271831 -0.0737463 -0.0197426 -0.0377451 -0.0428724 -0.0419835 -0.0199113 -0.0395320 -0.0419129 -0.0565564 -0.0472205 -0.0206870 -0.0424799 -0.0168041 -0.0277028 -0.0293340 -0.0188006 -0.0366450 -0.0154325 -0.0467511 -0.0263724 -0.0540997 0.0037051 -0.0480247 -0.0651888 -0.0616782 -0.0209156 -0.0363193 -0.0291480 -0.0439879 -0.0717028 -0.0424606 -0.1356302 -0.1445011 -0.0557564 -0.0498255 -0.0418377 -0.0931161 -0.0622538 -0.1711948 -0.0657481 -0.0964733 -0.0927532 -0.0943504 -0.0473418 -0.1239819 -0.0648033 -0.1603425
0.1121756 0.1143356 0.1583005 0.1091296 0.1691746 0.1614491 0.1760954 0.8990304 0.1210022 0.1156593 0.1216862 0.1289639 0.1149892 0.1176288 0.1046046 0.1085145 -0.0159895 0.0073280 0.0192197 0.0052484 -0.0014561 0.0285717 0.0087772 -0.0010418 0.0203063 0.0160491 0.0207878 0.0075202 0.0071940 0.0037632 0.0165482 0.0067026 0.0168413 0.0162347 -0.0003906 0.0227764 0.0082663 0.0101664 0.0193784 0.0159439 0.0121789 -0.0026340 -0.0052535 -0.0002705 0.0128462 0.0145257 -0.0051845 -0.0276963 -0.0745515 -0.0195753 -0.0410024 -0.0373907 -0.0436629 -0.0192152 -0.0372390 -0.0431916 -0.0601307 -0.0506471 -0.0242293 -0.0385899 -0.0164998 -0.0312562 -0.0327922 -0.0236881 -0.0412145 -0.0174454 -0.0514298 -0.0276793 -0.0538957 0.0009834 -0.0489191 -0.0639871 -0.0621937 -0.0180820 -0.0394214 -0.0302157 -0.0427686 -0.0746824 -0.0422611 -0.1352808 -0.1439659 -0.0592376 -0.0505397 -0.0407045 -0.0906987 -0.0635782 -0.1674798 -0.0609938 -0.0973236 -0.0950459 -0.0972785 -0.0469149 -0.1223715 -0.0614295 -0.1544617
0.1055169 0.1084310 0.1118158 0.1037812 0.1164822 0.1140934 0.1149240 0.1210022 0.9057335 0.1567288 0.1690066 0.1635085 0.1590621 0.1531404 0.1074431 0.1149653 -0.0142119 0.0125976 0.0182770 0.0140103 0.0008006 0.0281924 0.0135053 0.0067673 0.0206176 0.0088069 0.0204012 0.0083991 0.0079435 0.0038753 0.0139069 0.0061257 0.0140913 0.0145449 -0.0037440 0.0190647 0.0073862 0.0072276 0.0142243 0.0118826 0.0092060 -0.0091167 -0.0097206 0.0045410 0.0186542 0.0120247 -0.0004897 -0.0286038 -0.0719329 -0.0210294 -0.0350759 -0.0471959 -0.0436702 -0.0203049 -0.0327109 -0.0405085 -0.0608712 -0.0431075 -0.0239886 -0.0358868 -0.0207955 -0.0327201 -0.0324714 -0.0220883 -0.0415909 -0.0166025 -0.0491742 -0.0276209 -0.0545979 0.0017578 -0.0479682 -0.0637340 -0.0545516 -0.0228751 -0.0400038 -0.0331364 -0.0492215 -0.0719640 -0.0410896 -0.1312341 -0.1349297 -0.0562969 -0.0571114 -0.0384779 -0.0950337 -0.0648329 -0.1571559 -0.0594322 -0.0955725 -0.1011733 -0.1015481 -0.0443709 -0.1204726 -0.0602537 -0.1522211
0.1026291 0.1064172 0.1110564 0.0973702 0.1134329 0.1112515 0.1135547 0.1156593 0.1567288 0.8985631 0.1539020 0.1587671 0.1701679 0.1524044 0.1001809 0.1086820 -0.0131591 0.0131422 0.0163382 0.0150508 0.0028426 0.0283132 0.0136057 0.0098631 0.0169415 0.0100270 0.0171387 0.0087375 0.0065754 0.0007425 0.0106019 0.0035818 0.0128028 0.0132873 -0.0013849 0.0194206 0.0032122 0.0056638 0.0166387 0.0133893 0.0063046 -0.0062332 -0.0085447 0.0040492 0.0156687 0.0086187 -0.0037468 -0.0276514 -0.0730490 -0.0188498 -0.0360381 -0.0384724 -0.0417646 -0.0161970 -0.0381149 -0.0385759 -0.0585931 -0.0454962 -0.0238663 -0.0367162 -0.0201970 -0.0335753 -0.0353098 -0.0238814 -0.0384199 -0.0177819 -0.0498071 -0.0269271 -0.0548008 -0.0034973 -0.0507015 -0.0611658 -0.0546238 -0.0227465 -0.0405053 -0.0320921 -0.0446782 -0.0701684 -0.0403235 -0.1253228 -0.1349443 -0.0560753 -0.0519652 -0.0378194 -0.0935351 -0.0607059 -0.1524296 -0.0620032 -0.0923510 -0.0963571 -0.0967648 -0.0453693 -0.1134538 -0.0615216 -0.1447091
0.1046337 0.1107280 0.1143787 0.1046560 0.1174822 0.1152033 0.1168783 0.1216862 0.1690066 0.1539020 0.9292962 0.1748930 0.1596706 0.1567778 0.1089181 0.1121939 -0.0048086 0.0204705 0.0297523 0.0193424 0.0114421 0.0365770 0.0208112 0.0134343 0.0156364 0.0067625 0.0159355 0.0068983 0.0073552 -0.0010516 0.0112065 -0.0007024 0.0096820 0.0120372 -0.0041994 0.0183359 0.0064493 0.0049158 0.0146194 0.0094583 0.0095922 -0.0056468 -0.0090654 0.0023532 0.0168634 0.0102613 -0.0053373 -0.0325848 -0.0704253 -0.0227119 -0.0336419 -0.0430229 -0.0424714 -0.0209587 -0.0370633 -0.0413919 -0.0609832 -0.0428572 -0.0226499 -0.0330375 -0.0241591 -0.0381732 -0.0384291 -0.0242035 -0.0442916 -0.0204588 -0.0513914 -0.0312117 -0.0591550 -0.0064214 -0.0515560 -0.0639398 -0.0561127 -0.0220515 -0.0380259 -0.0337856 -0.0456214 -0.0695152 -0.0432754 -0.1252232 -0.1330792 -0.0597565 -0.0512186 -0.0404711 -0.0955576 -0.0662917 -0.1490284 -0.0611358 -0.0960733 -0.0973683 -0.0976465 -0.0433686 -0.1145528 -0.0589942 -0.1457393
0.1124320 0.1135957 0.1157159 0.1055299 0.1209246 0.1205249 0.1218435 0.1289639 0.1635085 0.1587671 0.1748930 0.9184333 0.1654966 0.1601245 0.1048403 0.1177904 -0.0098393 0.0198206 0.0242657 0.0170336 0.0053635 0.0366323 0.0189367 0.0102734 0.0151937 0.0057893 0.0175764 0.0054869 0.0044463 -0.0019798 0.0098160 0.0009447 0.0107945 0.0126648 -0.0000779 0.0205565 0.0066871 0.0028081 0.0145178 0.0086785 0.0098436 -0.0073732 -0.0063123 0.0005618 0.0179846 0.0075540 -0.0030964 -0.0337980 -0.0765941 -0.0238967 -0.0371682 -0.0429365 -0.0417934 -0.0181344 -0.0381544 -0.0439965 -0.0616066 -0.0405437 -0.0255473 -0.0388866 -0.0260899 -0.0384114 -0.0386201 -0.0259642 -0.0430398 -0.0209151 -0.0496850 -0.0321427 -0.0584266 -0.0019112 -0.0491135 -0.0659784 -0.0576510 -0.0276839 -0.0441417 -0.0322375 -0.0472614 -0.0748743 -0.0415675 -0.1265790 -0.1356010 -0.0603767 -0.0541209 -0.0441444 -0.0993616 -0.0659089 -0.1503830 -0.0643601 -0.0956796 -0.1006531 -0.1010706 -0.0492456 -0.1134656 -0.0653927 -0.1497814
0.1004337 0.1082887 0.1119854 0.0974725 0.1141715 0.1102761 0.1117460 0.1149892 0.1590621 0.1701679 0.1596706 0.1654966 0.9004604 0.1601346 0.1037145 0.1094857 -0.0203506 0.0116465 0.0160221 0.0091925 -0.0023228 0.0274168 0.0104913 0.0037347 0.0171903 0.0098381 0.0231639 0.0080644 0.0089556 0.0031851 0.0140441 0.0052447 0.0167667 0.0150432 -0.0036064 0.0202964 0.0089079 0.0107693 0.0204734 0.0118367 0.0067714 -0.0063174 -0.0050338 0.0069264 0.0157513 0.0107833 -0.0003587 -0.0305012 -0.0736543 -0.0188226 -0.0391837 -0.0383551 -0.0381894 -0.0229068 -0.0344499 -0.0420893 -0.0603268 -0.0434625 -0.0194238 -0.0373397 -0.0165559 -0.0326493 -0.0328811 -0.0249786 -0.0374954 -0.0162376 -0.0508557 -0.0279306 -0.0548233 -0.0001545 -0.0490633 -0.0625765 -0.0599565 -0.0211790 -0.0395789 -0.0297094 -0.0451716 -0.0703039 -0.0404604 -0.1333410 -0.1387954 -0.0595472 -0.0564369 -0.0375957 -0.0965985 -0.0651455 -0.1607118 -0.0627196 -0.0950519 -0.0983209 -0.0982487 -0.0453674 -0.1211637 -0.0597365 -0.1538695
0.0991106 0.1035868 0.1079618 0.0980520 0.1120541 0.1098312 0.1136205 0.1176288 0.1531404 0.1524044 0.1567778 0.1601245 0.1601346 0.9085808 0.1039206 0.1029946 -0.0091171 0.0154796 0.0224881 0.0104368 0.0027825 0.0319106 0.0135214 0.0102208 0.0194666 0.0043062 0.0160044 0.0077618 0.0083374 -0.0007568 0.0088705 0.0015360 0.0083874 0.0131636 -0.0021327 0.0185962 0.0082763 0.0053722 0.0146578 0.0139162 0.0075271 -0.0044634 -0.0050896 0.0025069 0.0141376 0.0110246 -0.0018714 -0.0271205 -0.0714008 -0.0213769 -0.0367958 -0.0403544 -0.0422024 -0.0217770 -0.0352699 -0.0387200 -0.0609381 -0.0432715 -0.0210577 -0.0357111 -0.0199383 -0.0350021 -0.0346924 -0.0215766 -0.0396691 -0.0201211 -0.0507082 -0.0256760 -0.0540610 -0.0039314 -0.0502465 -0.0640411 -0.0563481 -0.0209275 -0.0375536 -0.0282228 -0.0413880 -0.0690773 -0.0410831 -0.1276820 -0.1331416 -0.0599814 -0.0528183 -0.0394884 -0.0952733 -0.0633796 -0.1530747 -0.0624134 -0.0947676 -0.0949819 -0.0955593 -0.0429667 -0.1155805 -0.0530789 -0.1480744
0.0925203 0.0943134 0.1005603 0.0901653 0.0999983 0.0993080 0.0973594 0.1046046 0.1074431 0.1001809 0.1089181 0.1048403 0.1037145 0.1039206 0.8828506 0.0964957 -0.0178276 0.0031060 0.0086362 -0.0035483 -0.0078657 0.0224615 0.0007453 -0.0023708 0.0187351 0.0140216 0.0238984 0.0097934 0.0117145 0.0087710 0.0194893 0.0063033 0.0170038 0.0156763 0.0068137 0.0188073 0.0097320 0.0149877 0.0180442 0.0168399 0.0078457 0.0000115 -0.0005171 0.0042807 0.0147645 0.0168146 -0.0047263 -0.0167461 -0.0651845 -0.0158040 -0.0283886 -0.0368298 -0.0345616 -0.0127433 -0.0255416 -0.0380154 -0.0487166 -0.0316620 -0.0107037 -0.0278474 -0.0105990 -0.0222299 -0.0246903 -0.0194953 -0.0316173 -0.0150718 -0.0397011 -0.0161362 -0.0461847 0.0021626 -0.0394260 -0.0527361 -0.0490086 -0.0205572 -0.0336669 -0.0279791 -0.0398970 -0.0632653 -0.0352925 -0.1161997 -0.1241877 -0.0454686 -0.0386076 -0.0310168 -0.0805679 -0.0550679 -0.1499691 -0.0515438 -0.0832803 -0.0834120 -0.0840613 -0.0407967 -0.1062144 -0.0531407 -0.1386072
0.0948376 0.1000487 0.1031510 0.0945737 0.1070865 0.1061623 0.1074446 0.1085145 0.1149653 0.1086820 0.1121939 0.1177904 0.1094857 0.1029946 0.0964957 0.8894467 -0.0246990 0.0030342 0.0075318 0.0024666 -0.0083364 0.0194391 0.0007206 -0.0009840 0.0226000 0.0187285 0.0246608 0.0102865 0.0140892 0.0093013 0.0206867 0.0132242 0.0248389 0.0157688 0.0064756 0.0243940 0.0097327 0.0147352 0.0196043 0.0149780 0.0114844 0.0013734 0.0037398 0.0011534 0.0144727 0.0175677 0.0006916 -0.0213930 -0.0657782 -0.0174782 -0.0302969 -0.0385936 -0.0359461 -0.0137143 -0.0298811 -0.0407729 -0.0533438 -0.0344795 -0.0143284 -0.0282357 -0.0087507 -0.0235728 -0.0247370 -0.0180218 -0.0305131 -0.0113357 -0.0406515 -0.0199521 -0.0487244 0.0027638 -0.0382510 -0.0574926 -0.0501303 -0.0166462 -0.0358769 -0.0216429 -0.0391293 -0.0668710 -0.0356554 -0.1198646 -0.1290798 -0.0479373 -0.0466743 -0.0357301 -0.0824454 -0.0571746 -0.1566803 -0.0541791 -0.0864717 -0.0893190 -0.0896036 -0.0390478 -0.0919196 -0.0582044 -0.1455331
-0.0141999 -0.0214591 -0.0150104 -0.0188095 -0.0171793 -0.0158502 -0.0232017 -0.0159895 -0.0142119 -0.0131591 -0.0048086 -0.0098393 -0.0203506 -0.0091171 -0.0178276 -0.0246990 1.1834756 0.1268259 0.1324630 0.1684636 0.1767432 0.1232928 0.1513718 0.1575253 -0.0758885 -0.0727625 -0.0731861 -0.0622543 -0.0816562 -0.0901413 -0.0988416 -0.0920651 -0.0905392 -0.0524604 -0.0496131 -0.0850214 -0.0636519 -0.0705887 -0.0720495 -0.0746400 -0.0213872 -0.0435237 -0.0824769 -0.0371138 -0.0390084 -0.0592006 -0.0418409 -0.0921445 0.0677833 -0.0302230 -0.0035810 0.0211486 -0.0318631 -0.0104594 -0.0201054 0.0090780 0.0103301 -0.0074623 -0.0924502 -0.0167105 -0.0916655 -0.1007050 -0.0991647 -0.0486966 -0.0475932 -0.0483877 -0.0388148 -0.0902638 -0.0440858 -0.0681666 -0.0281964 0.0240007 0.0208846 -0.0078530 -0.0129625 -0.0213743 0.0047789 0.0231587 0.0095282 0.1319291 0.1352745 -0.0134693 0.0104729 -0.0242504 0.0525991 0.0065153 0.2226290 0.0082947 0.0694754 -0.0076849 -0.0047735 -0.0272574 0.1520417 0.0097983 0.1799016
0.0076859 0.0089759 0.0041087 0.0026745 0.0121642 0.0066208 0.0049950 0.0073280 0.0125976 0.0131422 0.0204705 0.0198206 0.0116465 0.0154796 0.0031060 0.0030342 0.1268259 1.1062748 0.1290877 0.1439533 0.1421740 0.1213407 0.1384499 0.1247846 -0.0567227 -0.0658867 -0.0572658 -0.0581964 -0.0611426 -0.0786358 -0.0797286 -0.0737565 -0.0709827 -0.0429934 -0.0546052 -0.0719499 -0.0548284 -0.0629409 -0.0595643 -0.0654116 -0.0199736 -0.0530157 -0.0627548 -0.0282618 -0.0251954 -0.0564653 -0.0454429 -0.0793031 0.0284731 -0.0309733 -0.0069734 -0.0108967 -0.0312690 -0.0121352 -0.0449684 -0.0048976 -0.0111973 -0.0083557 -0.0772991 -0.0212070 -0.0855443 -0.0922195 -0.0919139 -0.0451452 -0.0472515 -0.0507251 -0.0409419 -0.0787989 -0.0566179 -0.0584760 -0.0372837 0.0108185 0.0010477 -0.0124536 -0.0182765 -0.0061885 -0.0081253 0.0179254 0.0045768 0.0832408 0.0823654 -0.0196055 -0.0003784 -0.0259078 0.0282937 0.0073832 0.1587749 -0.0113629 0.0352374 -0.0144154 -0.0128213 -0.0159426 0.1137525 -0.0177081 0.1295509
0.0093797 0.0120878 0.0139250 0.0093744 0.0144675 0.0138237 0.0131386 0.0192197 0.0182770 0.0163382 0.0297523 0.0242657 0.0160221 0.0224881 0.0086362 0.0075318 0.1324630 0.1290877 1.1149253 0.1406960 0.1561038 0.1249069 0.1347819 0.1284231 -0.0565429 -0.0569132 -0.0501092 -0.0573618 -0.0642919 -0.0793536 -0.0764138 -0.0735975 -0.0707046 -0.0422815 -0.0577191 -0.0623545 -0.0584914 -0.0639503 -0.0602592 -0.0558529 -0.0239553 -0.0507249 -0.0693377 -0.0317230 -0.0132982 -0.0527498 -0.0493868 -0.0777511 0.0360136 -0.0249042 -0.0088697 -0.0093245 -0.0228920 -0.0141429 -0.0366041 0.0067591 -0.0209053 -0.0168437 -0.0807989 -0.0172376 -0.0876229 -0.0914048 -0.0904931 -0.0389238 -0.0515596 -0.0489328 -0.0408538 -0.0760974 -0.0619664 -0.0566838 -0.0455655 -0.0065871 -0.0033906 -0.0103845 -0.0232644 -0.0175274 -0.0062275 0.0052616 -0.0065508 0.0837877 0.0883040 -0.0329006 0.0005025 -0.0394451 0.0188596 -0.0019666 0.1511680 -0.0115723 0.0112610 -0.0171594 -0.0168265 -0.0209186 0.1059005 -0.0166469 0.1125586
0.0026326 0.0046066 -0.0010840 -0.0025152 0.0056255 0.0029590 0.0037720 0.0052484 0.0140103 0.0150508 0.0193424 0.0170336 0.0091925 0.0104368 -0.0035483 0.0024666 0.1684636 0.1439533 0.1406960 1.1811343 0.1632306 0.1508278 0.1830133 0.1426704 -0.0676399 -0.0685931 -0.0659752 -0.0665498 -0.0781510 -0.0907669 -0.0960605 -0.0856430 -0.0830311 -0.0507079 -0.0615291 -0.0764542 -0.0557199 -0.0746890 -0.0682579 -0.0735361 -0.0350408 -0.0594407 -0.0836652 -0.0372248 -0.0305394 -0.0683690 -0.0597217 -0.0821818 0.0475301 -0.0238392 -0.0023041 0.0115903 -0.0117161 -0.0172406 -0.0393363 -0.0110757 -0.0131846 -0.0043822 -0.0870247 -0.0132297 -0.0965958 -0.1033405 -0.1034115 -0.0576898 -0.0492665 -0.0572267 -0.0399350 -0.0825644 -0.0652779 -0.0607824 -0.0408326 0.0006899 0.0016295 0.0040196 -0.0115457 -0.0288579 -0.0094083 0.0140440 -0.0064557 0.1030978 0.0854532 -0.0309641 -0.0248047 -0.0263397 0.0151977 -0.0013458 0.1952097 -0.0003073 0.0511222 -0.0055349 -0.0034210 -0.0178817 0.1375730 -0.0350431 0.1534619
0.0004897 -0.0074180 -0.0041723 -0.0095637 -0.0004424 -0.0033200 -0.0069505 -0.0014561 0.0008006 0.0028426 0.0114421 0.0053635 -0.0023228 0.0027825 -0.0078657 -0.0083364 0.1767432 0.1421740 0.1561038 0.1632306 1.2148672 0.1529699 0.1723494 0.1638001 -0.0772705 -0.0711775 -0.0637330 -0.0733190 -0.0835929 -0.1018979 -0.0939342 -0.0947915 -0.0940063 -0.0551094 -0.0661997 -0.0877095 -0.0792001 -0.0763555 -0.0748336 -0.0749872 -0.0247521 -0.0602651 -0.0860566 -0.0392694 -0.0331752 -0.0678062 -0.0561203 -0.1025595 0.0615350 -0.0224953 -0.0124770 0.0220298 -0.0182008 -0.0262391 -0.0454961 0.0024213 -0.0078225 -0.0205030 -0.0995282 -0.0229870 -0.1049725 -0.1015207 -0.1025984 -0.0457314 -0.0542928 -0.0596911 -0.0427603 -0.1044457 -0.0585583 -0.0666274 -0.0321190 0.0174040 0.0104772 -0.0083944 -0.0132710 -0.0338392 0.0001633 0.0385719 -0.0049051 0.1223242 0.1256114 -0.0244682 -0.0055320 -0.0222986 0.0372853 -0.0024476 0.2276430 0.0043503 0.0663820 -0.0062900 -0.0044674 -0.0081688 0.1575263 0.0055640 0.1726291
0.0252318 0.0212907 0.0222080 0.0175423 0.0278108 0.0238217 0.0208903 0.0285717 0.0281924 0.0283132 0.0365770 0.0366323 0.0274168 0.0319106 0.0224615 0.0194391 0.1232928 0.1213407 0.1249069 0.1508278 0.1529699 1.1226752 0.1520936 0.1426184 -0.0632697 -0.0542396 -0.0542845 -0.0510103 -0.0680371 -0.0820825 -0.0796515 -0.0728648 -0.0725804 -0.0424068 -0.0540024 -0.0657363 -0.0583472 -0.0593172 -0.0637503 -0.0575887 -0.0258040 -0.0565659 -0.0699773 -0.0309669 -0.0242517 -0.0589250 -0.0526673 -0.0821658 0.0302343 -0.0325984 -0.0062151 0.0043674 -0.0137108 -0.0212394 -0.0439834 -0.0109423 -0.0275686 -0.0107028 -0.0737849 -0.0173319 -0.0947965 -0.0905011 -0.0902200 -0.0498570 -0.0635743 -0.0566918 -0.0494973 -0.0809771 -0.0652510 -0.0560596 -0.0515919 -0.0054033 -0.0086083 -0.0106175 -0.0246444 -0.0249519 -0.0082978 0.0186695 0.0115212 0.0710839 0.0608131 -0.0373287 -0.0240850 -0.0252650 0.0054633 -0.0068635 0.1415907 -0.0142639 0.0195218 -0.0192653 -0.0166870 -0.0244972 0.1004735 -0.0271785 0.1085351
0.0034933 0.0040945 0.0026505 0.0010751 0.0086993 0.0055906 0.0030092 0.0087772 0.0135053 0.0136057 0.0208112 0.0189367 0.0104913 0.0135214 0.0007453 0.0007206 0.1513718 0.1384499 0.1347819 0.1830133 0.1723494 0.1520936 1.1651090 0.1521942 -0.0688612 -0.0715612 -0.0680575 -0.0701598 -0.0776386 -0.0924481 -0.0863151 -0.0828645 -0.0825534 -0.0498211 -0.0608800 -0.0837930 -0.0701514 -0.0736402 -0.0733879 -0.0714457 -0.0226097 -0.0553210 -0.0788562 -0.0327747 -0.0338264 -0.0626270 -0.0570996 -0.0886525 0.0397982 -0.0239509 -0.0014719 0.0127978 -0.0213074 -0.0177236 -0.0428787 0.0009491 -0.0205157 0.0031566 -0.0827643 -0.0153319 -0.1020768 -0.1004417 -0.0986451 -0.0585154 -0.0582866 -0.0519052 -0.0469422 -0.0887159 -0.0608215 -0.0630114 -0.0465309 0.0075079 -0.0030202 -0.0001084 -0.0222414 -0.0295203 -0.0034232 0.0149228 0.0044612 0.1134652 0.0979642 -0.0253416 -0.0117253 -0.0199732 0.0310419 0.0024052 0.1898874 0.0093782 0.0538083 -0.0123029 -0.0104768 -0.0209222 0.1355597 -0.0148749 0.1583016
0.0068901 -0.0016923 -0.0009353 0.0009437 0.0045211 0.0024196 -0.0051683 -0.0010418 0.0067673 0.0098631 0.0134343 0.0102734 0.0037347 0.0102208 -0.0023708 -0.0009840 0.1575253 0.1247846 0.1284231 0.1426704 0.1638001 0.1426184 0.1521942 1.1352850 -0.0613974 -0.0532831 -0.0630402 -0.0557791 -0.0701929 -0.0836679 -0.0835866 -0.0713775 -0.0790075 -0.0457685 -0.0613555 -0.0717131 -0.0575207 -0.0614458 -0.0611444 -0.0666368 -0.0207950 -0.0520404 -0.0744198 -0.0324914 -0.0241871 -0.0554208 -0.0442474 -0.0882570 0.0334663 -0.0272876 -0.0007111 0.0163161 -0.0247139 -0.0180022 -0.0270999 -0.0039978 -0.0108761 -0.0087931 -0.0820061 -0.0282856 -0.0873462 -0.0903727 -0.0898106 -0.0539827 -0.0532560 -0.0573944 -0.0409646 -0.0877172 -0.0491566 -0.0523628 -0.0330448 0.0152498 0.0077029 -0.0126339 -0.0194995 -0.0167502 0.0026390 0.0236784 -0.0071958 0.0932836 0.0806262 -0.0296766 -0.0079570 -0.0286690 0.0331580 -0.0059661 0.1748997 -0.0105768 0.0328107 -0.0022225 -0.0007591 -0.0229278 0.1201516 -0.0123060 0.1352912
0.0189499 0.0197829 0.0178036 0.0215272 0.0221245 0.0231958 0.0209247 0.0203063 0.0206176 0.0169415 0.0156364 0.0151937 0.0171903 0.0194666 0.0187351 0.0226000 -0.0758885 -0.0567227 -0.0565429 -0.0676399 -0.0772705 -0.0632697 -0.0688612 -0.0613974 0.8496206 0.0314577 0.0359212 0.0516348 0.0664481 0.0808377 0.0812297 0.0591287 0.0393142 0.0267061 0.0227643 0.0402169 0.0281497 0.0291875 0.0251577 0.0356252 0.0065326 0.0144422 0.0298372 0.0105081 0.0168606 0.0281093 0.0122884 0.0192565 -0.0515187 -0.0078594 -0.0195825 -0.0211962 -0.0171245 -0.0044682 -0.0092350 -0.0143091 -0.0180408 -0.0174985 0.0237706 -0.0084025 0.0234574 0.0188517 0.0191909 0.0114661 0.0063847 0.0140112 -0.0028871 0.0201839 0.0063701 0.0255454 -0.0037577 -0.0300434 -0.0303457 -0.0110954 -0.0116748 -0.0016619 -0.0214675 -0.0359704 -0.0259498 -0.0878739 -0.1023123 -0.0126602 -0.0122727 -0.0019680 -0.0545645 -0.0296407 -0.1430619 -0.0203034 -0.0537986 -0.0381857 -0.0391209 -0.0101848 -0.1068073 -0.0199274 -0.1263446
0.0131902 0.0139878 0.0128984 0.0130411 0.0124539 0.0163293 0.0144555 0.0160491 0.0088069 0.0100270 0.0067625 0.0057893 0.0098381 0.0043062 0.0140216 0.0187285 -0.0727625 -0.0658867 -0.0569132 -0.0685931 -0.0711775 -0.0542396 -0.0715612 -0.0532831 0.0314577 0.8679835 0.0713207 0.0238625 0.0438515 0.0352560 0.0431106 0.0354807 0.0372638 0.0248921 0.0169489 0.0385488 0.0223086 0.0257726 0.0274782 0.0337711 0.0049582 0.0186522 0.0226612 0.0041852 0.0068802 0.0278588 0.0152552 0.0188575 -0.0413785 0.0033708 -0.0106630 -0.0194764 0.0004205 0.0045836 0.0091239 -0.0208781 -0.0130579 -0.0099037 0.0263405 -0.0027820 0.0395843 0.0298865 0.0288486 0.0098556 0.0077432 0.0115536 -0.0057149 0.0183841 0.0018096 0.0208381 -0.0063218 -0.0282305 -0.0168840 -0.0043440 -0.0026248 -0.0077953 -0.0147547 -0.0357772 -0.0145631 -0.0738769 -0.0832590 -0.0028938 -0.0159477 0.0024291 -0.0376222 -0.0135879 -0.1416455 -0.0171847 -0.0513745 -0.0305576 -0.0302077 -0.0044353 -0.0891533 -0.0202042 -0.1077729
0.0180713 0.0203944 0.0230185 0.0220774 0.0233372 0.0228408 0.0222906 0.0207878 0.0204012 0.0171387 0.0159355 0.0175764 0.0231639 0.0160044 0.0238984 0.0246608 -0.0731861 -0.0572658 -0.0501092 -0.0659752 -0.0637330 -0.0542845 -0.0680575 -0.0630402 0.0359212 0.0713207 0.8604954 0.0306877 0.0372582 0.0447426 0.0409867 0.0423278 0.0327452 0.0246444 0.0181547 0.0312856 0.0286874 0.0247675 0.0256643 0.0336480 0.0071011 0.0159072 0.0258233 0.0104687 0.0107626 0.0222479 0.0157481 0.0182807 -0.0489054 -0.0021741 -0.0223143 -0.0175576 -0.0112531 -0.0075721 -0.0030406 -0.0238086 -0.0181937 -0.0094773 0.0223417 0.0012516 0.0293560 0.0242728 0.0235788 0.0169364 0.0116548 0.0058656 -0.0032880 0.0173743 0.0010497 0.0250403 0.0006361 -0.0295984 -0.0312649 -0.0072299 -0.0051568 -0.0047475 -0.0210153 -0.0380949 -0.0192019 -0.0923376 -0.0970522 -0.0069522 -0.0159474 -0.0047333 -0.0400859 -0.0231019 -0.1369878 -0.0237460 -0.0518575 -0.0393928 -0.0405519 -0.0100765 -0.0958808 -0.0164101 -0.1125001
0.0039502 0.0064436 0.0108946 0.0118129 0.0068798 0.0079151 0.0093427 0.0075202 0.0083991 0.0087375 0.0068983 0.0054869 0.0080644 0.0077618 0.0097934 0.0102865 -0.0622543 -0.0581964 -0.0573618 -0.0665498 -0.0733190 -0.0510103 -0.0701598 -0.0557791 0.0516348 0.0238625 0.0306877 0.8755229 0.0710781 0.0519847 0.0473677 0.0612576 0.0216456 0.0235175 0.0142700 0.0339327 0.0277093 0.0257196 0.0244632 0.0170069 0.0163812 0.0200877 0.0284475 0.0080917 0.0080696 0.0331165 0.0292508 0.0252963 -0.0467289 -0.0073640 -0.0042305 -0.0141785 -0.0009008 0.0098411 0.0010048 -0.0246003 -0.0082687 -0.0130428 0.0264540 -0.0089215 0.0311213 0.0289877 0.0288732 0.0122508 0.0080224 0.0088353 -0.0100191 0.0253556 0.0057001 0.0243217 -0.0060423 -0.0186364 -0.0101348 -0.0117168 -0.0077405 -0.0037240 -0.0187003 -0.0358934 -0.0220643 -0.0778097 -0.0809363 -0.0076476 -0.0111619 -0.0031436 -0.0418966 -0.0194542 -0.1225471 -0.0182978 -0.0578265 -0.0331158 -0.0328182 -0.0173848 -0.0951196 -0.0188979 -0.1051006
0.0071239 0.0092446 0.0089261 0.0113932 0.0080780 0.0109226 0.0089153 0.0071940 0.0079435 0.0065754 0.0073552 0.0044463 0.0089556 0.0083374 0.0117145 0.0140892 -0.0816562 -0.0611426 -0.0642919 -0.0781510 -0.0835929 -0.0680371 -0.0776386 -0.0701929 0.0664481 0.0438515 0.0372582 0.0710781 0.8737378 0.0651405 0.0568447 0.0738502 0.0299722 0.0269686 0.0190085 0.0337257 0.0246895 0.0309156 0.0290931 0.0266463 0.0094240 0.0089065 0.0276305 0.0079272 0.0069628 0.0256950 0.0138016 0.0255590 -0.0305863 -0.0052312 -0.0090596 -0.0312784 -0.0010461 0.0057002 0.0006212 -0.0199624 -0.0110680 -0.0042758 0.0294573 -0.0052437 0.0415594 0.0363150 0.0359713 0.0197081 0.0090546 0.0159960 -0.0015315 0.0233349 0.0042477 0.0268109 -0.0009253 -0.0223213 -0.0211351 -0.0072352 -0.0065242 -0.0045538 -0.0173858 -0.0360163 -0.0148970 -0.0816209 -0.0854324 -0.0024323 -0.0180821 0.0004796 -0.0452561 -0.0282767 -0.1380046 -0.0260515 -0.0507267 -0.0279991 -0.0276173 -0.0122042 -0.1006202 -0.0190827 -0.1124730
0.0022227 0.0051783 0.0079766 0.0069954 0.0046717 0.0077564 0.0088682 0.0037632 0.0038753 0.0007425 -0.0010516 -0.0019798 0.0031851 -0.0007568 0.0087710 0.0093013 -0.0901413 -0.0786358 -0.0793536 -0.0907669 -0.1018979 -0.0820825 -0.0924481 -0.0836679 0.0808377 0.0352560 0.0447426 0.0519847 0.0651405 0.8699058 0.0848263 0.0631937 0.0317938 0.0306923 0.0258668 0.0405537 0.0339685 0.0449928 0.0287202 0.0392450 0.0076157 0.0229807 0.0413990 0.0141013 0.0163865 0.0314712 0.0234170 0.0443695 -0.0469273 -0.0050343 -0.0164507 -0.0178009 -0.0017165 0.0008952 0.0122017 -0.0209784 -0.0154633 -0.0101242 0.0325468 -0.0060542 0.0487972 0.0447223 0.0454641 0.0241174 0.0112903 0.0178884 0.0038117 0.0440913 0.0174714 0.0370133 0.0050719 -0.0271314 -0.0173294 -0.0130711 -0.0127995 0.0108956 -0.0223970 -0.0344179 -0.0173544 -0.0918496 -0.0958219 0.0026934 -0.0093350 -0.0006275 -0.0426265 -0.0173023 -0.1534601 -0.0177366 -0.0563945 -0.0279050 -0.0281678 -0.0078220 -0.1074401 -0.0149389 -0.1264741
0.0158216 0.0166950 0.0200547 0.0182006 0.0191473 0.0149983 0.0186986 0.0165482 0.0139069 0.0106019 0.0112065 0.0098160 0.0140441 0.0088705 0.0194893 0.0206867 -0.0988416 -0.0797286 -0.0764138 -0.0960605 -0.0939342 -0.0796515 -0.0863151 -0.0835866 0.0812297 0.0431106 0.0409867 0.0473677 0.0568447 0.0848263 0.8582779 0.0611727 0.0421413 0.0330475 0.0257837 0.0479411 0.0382085 0.0434440 0.0383574 0.0409119 0.0141003 0.0208834 0.0418443 0.0122387 0.0163607 0.0411250 0.0215009 0.0389301 -0.0608557 0.0033739 -0.0149546 -0.0132403 -0.0035826 0.0008518 0.0095109 -0.0184113 -0.0228032 -0.0155554 0.0447637 -0.0070480 0.0408836 0.0366980 0.0374373 0.0126442 0.0130214 0.0169680 0.0001938 0.0385828 0.0112751 0.0424090 -0.0012460 -0.0352836 -0.0244328 -0.0052308 -0.0033885 -0.0028641 -0.0215603 -0.0426477 -0.0226528 -0.1023672 -0.1124040 -0.0073619 -0.0160221 0.0026439 -0.0555883 -0.0262421 -0.1654320 -0.0215611 -0.0632351 -0.0328642 -0.0337352 -0.0090930 -0.1247924 -0.0087578 -0.1425719
0.0044710 0.0086508 0.0067295 0.0085969 0.0065292 0.0059256 0.0077974 0.0067026 0.0061257 0.0035818 -0.0007024 0.0009447 0.0052447 0.0015360 0.0063033 0.0132242 -0.0920651 -0.0737565 -0.0735975 -0.0856430 -0.0947915 -0.0728648 -0.0828645 -0.0713775 0.0591287 0.0354807 0.0423278 0.0612576 0.0738502 0.0631937 0.0611727 0.8707170 0.0381783 0.0275465 0.0161350 0.0420774 0.0308032 0.0316231 0.0339634 0.0268323 0.0043783 0.0187193 0.0293293 0.0098979 0.0096193 0.0324179 0.0215073 0.0287891 -0.0458453 0.0011820 -0.0151967 -0.0126375 -0.0082709 0.0080738 0.0080062 -0.0136096 -0.0130263 -0.0031559 0.0264606 0.0025019 0.0408155 0.0447343 0.0439951 0.0131804 0.0095387 0.0143217 0.0097958 0.0286185 0.0137890 0.0301824 0.0125628 -0.0219999 -0.0177580 -0.0139628 -0.0106105 0.0069796 -0.0138480 -0.0337683 -0.0203514 -0.0802077 -0.0873116 -0.0024487 -0.0173518 -0.0012106 -0.0412993 -0.0220196 -0.1337028 -0.0241065 -0.0465148 -0.0383713 -0.0386118 -0.0110746 -0.0940917 -0.0042561 -0.1133117
0.0131057 0.0123902 0.0165485 0.0164347 0.0140516 0.0179142 0.0170474 0.0168413 0.0140913 0.0128028 0.0096820 0.0107945 0.0167667 0.0083874 0.0170038 0.0248389 -0.0905392 -0.0709827 -0.0707046 -0.0830311 -0.0940063 -0.0725804 -0.0825534 -0.0790075 0.0393142 0.0372638 0.0327452 0.0216456 0.0299722 0.0317938 0.0421413 0.0381783 0.8537918 0.0289702 0.0307950 0.0517991 0.0294213 0.0448833 0.0443544 0.0463903 0.0086852 0.0242843 0.0379093 0.0148846 0.0160365 0.0250258 0.0159880 0.0369834 -0.0486286 0.0107854 -0.0116800 -0.0215573 -0.0037050 0.0010422 0.0060105 -0.0165828 -0.0151835 -0.0122157 0.0387206 -0.0075858 0.0378925 0.0349411 0.0343919 0.0175246 0.0139024 0.0187392 0.0055520 0.0355521 0.0097020 0.0296424 -0.0006524 -0.0271301 -0.0268185 -0.0015204 -0.0050845 -0.0024985 -0.0162348 -0.0359745 -0.0193465 -0.0887112 -0.0941783 -0.0060388 -0.0159589 -0.0019004 -0.0443861 -0.0148252 -0.1563666 -0.0152209 -0.0528280 -0.0321680 -0.0328060 -0.0090186 -0.1134335 -0.0228907 -0.1171988
0.0140285 0.0155234 0.0166033 0.0156943 0.0161097 0.0158194 0.0171568 0.0162347 0.0145449 0.0132873 0.0120372 0.0126648 0.0150432 0.0131636 0.0156763 0.0157688 -0.0524604 -0.0429934 -0.0422815 -0.0507079 -0.0551094 -0.0424068 -0.0498211 -0.0457685 0.0267061 0.0248921 0.0246444 0.0235175 0.0269686 0.0306923 0.0330475 0.0275465 0.0289702 0.9466705 0.0187723 0.0292755 0.0231489 0.0246044 0.0248387 0.0252779 0.0097802 0.0165560 0.0250845 0.0093662 0.0113484 0.0219103 0.0159866 0.0268729 -0.0300917 0.0039936 -0.0041849 -0.0110178 0.0005020 0.0024713 0.0059321 -0.0101638 -0.0071226 -0.0049075 0.0272112 0.0000318 0.0307746 0.0291903 0.0287967 0.0121515 0.0112381 0.0137653 0.0037961 0.0271999 0.0084181 0.0214417 0.0025950 -0.0160359 -0.0128312 -0.0007718 -0.0004553 0.0010514 -0.0082510 -0.0213213 -0.0081953 -0.0617071 -0.0644736 -0.0018169 -0.0079219 0.0032813 -0.0272790 -0.0125201 -0.0987680 -0.0099620 -0.0343981 -0.0157455 -0.0165003 -0.0030260 -0.0689876 -0.0086503 -0.0808855
0.0011640 0.0011665 0.0040935 0.0037857 -0.0016166 -0.0026538 0.0019579 -0.0003906 -0.0037440 -0.0013849 -0.0041994 -0.0000779 -0.0036064 -0.0021327 0.0068137 0.0064756 -0.0496131 -0.0546052 -0.0577191 -0.0615291 -0.0661997 -0.0540024 -0.0608800 -0.0613555 0.0227643 0.0169489 0.0181547 0.0142700 0.0190085 0.0258668 0.0257837 0.0161350 0.0307950 0.0187723 0.8827123 0.0310766 0.0255095 0.0248043 0.0154765 0.0240762 -0.0009706 0.0088025 0.0258024 -0.0039498 0.0048793 0.0126555 0.0076407 0.0211505 -0.0276551 -0.0003976 -0.0034084 -0.0159275 -0.0012783 0.0025770 0.0030482 -0.0123054 0.0019486 0.0011398 0.0239312 0.0020539 0.0231816 0.0203950 0.0194946 0.0122580 0.0076156 0.0147864 0.0014446 0.0209380 0.0053035 0.0234637 0.0053495 -0.0132510 -0.0155170 -0.0047961 -0.0040798 -0.0007240 -0.0034050 -0.0170293 -0.0028792 -0.0577512 -0.0592867 0.0006634 0.0031212 0.0075206 -0.0222920 -0.0125109 -0.0954240 -0.0129165 -0.0236798 -0.0191629 -0.0198050 -0.0011773 -0.0723864 -0.0030137 -0.0744171
0.0181131 0.0192778 0.0242609 0.0194878 0.0226804 0.0199021 0.0227338 0.0227764 0.0190647 0.0194206 0.0183359 0.0205565 0.0202964 0.0185962 0.0188073 0.0243940 -0.0850214 -0.0719499 -0.0623545 -0.0764542 -0.0877095 -0.0657363 -0.0837930 -0.0717131 0.0402169 0.0385488 0.0312856 0.0339327 0.0337257 0.0405537 0.0479411 0.0420774 0.0517991 0.0292755 0.0310766 0.8621062 0.0406311 0.0385633 0.0424286 0.0404897 0.0102898 0.0207306 0.0371999 0.0121425 0.0132800 0.0305280 0.0218196 0.0261570 -0.0456826 0.0046749 -0.0120795 -0.0225354 -0.0004949 0.0000047 0.0003466 -0.0079168 -0.0189513 -0.0151112 0.0390004 -0.0070250 0.0395434 0.0383718 0.0376356 0.0143147 0.0176523 0.0216989 -0.0001917 0.0285817 0.0063987 0.0355310 -0.0014891 -0.0255885 -0.0226239 -0.0084680 -0.0047418 -0.0028190 -0.0185428 -0.0377709 -0.0215111 -0.1028667 -0.1051308 -0.0057756 -0.0133685 -0.0045106 -0.0465541 -0.0287717 -0.1564025 -0.0207390 -0.0622708 -0.0369088 -0.0379696 -0.0120964 -0.1157481 -0.0212118 -0.1335059
0.0093284 0.0088679 0.0144321 0.0112971 0.0092344 0.0055381 0.0068923 0.0082663 0.0073862 0.0032122 0.0064493 0.0066871 0.0089079 0.0082763 0.0097320 0.0097327 -0.0636519 -0.0548284 -0.0584914 -0.0557199 -0.0792001 -0.0583472 -0.0701514 -0.0575207 0.0281497 0.0223086 0.0286874 0.0277093 0.0246895 0.0339685 0.0382085 0.0308032 0.0294213 0.0231489 0.0255095 0.0406311 0.8682246 0.0299892 0.0354785 0.0293794 -0.0001329 0.0098428 0.0286477 0.0021461 0.0122427 0.0199224 0.0099143 0.0224803 -0.0365997 -0.0009949 -0.0090681 -0.0107042 -0.0041224 0.0004357 0.0097120 -0.0234520 -0.0123212 -0.0088885 0.0328364 0.0009261 0.0281679 0.0254694 0.0262956 0.0085381 0.0172080 0.0097546 0.0016051 0.0229319 0.0086352 0.0325759 -0.0015984 -0.0181374 -0.0163447 -0.0033737 -0.0006283 0.0004592 -0.0101249 -0.0300591 -0.0196949 -0.0909868 -0.0927594 -0.0067286 -0.0168947 0.0012821 -0.0312600 -0.0233919 -0.1226251 -0.0069100 -0.0388768 -0.0260641 -0.0268176 -0.0055704 -0.0920673 -0.0108024 -0.1035809
0.0087029 0.0125698 0.0087305 0.0148998 0.0098545 0.0060986 0.0103232 0.0101664 0.0072276 0.0056638 0.0049158 0.0028081 0.0107693 0.0053722 0.0149877 0.0147352 -0.0705887 -0.0629409 -0.0639503 -0.0746890 -0.0763555 -0.0593172 -0.0736402 -0.0614458 0.0291875 0.0257726 0.0247675 0.0257196 0.0309156 0.0449928 0.0434440 0.0316231 0.0448833 0.0246044 0.0248043 0.0385633 0.0299892 0.8754972 0.0331345 0.0419834 0.0050868 0.0202629 0.0397633 0.0096585 0.0087912 0.0232460 0.0200121 0.0283204 -0.0406601 0.0045213 -0.0053113 -0.0097667 -0.0015183 -0.0032817 0.0113237 -0.0139855 -0.0130347 -0.0021623 0.0298719 -0.0100026 0.0324117 0.0301464 0.0304341 0.0132443 0.0104139 0.0177771 0.0055262 0.0268559 0.0147473 0.0327491 0.0009937 -0.0270693 -0.0186106 -0.0026274 -0.0029959 -0.0022121 -0.0151613 -0.0221574 -0.0123179 -0.0830846 -0.0954401 -0.0018822 -0.0162518 0.0069292 -0.0322824 -0.0250789 -0.1299671 -0.0145709 -0.0426889 -0.0166013 -0.0192990 -0.0100193 -0.0993618 -0.0123557 -0.1114356
0.0165381 0.0197662 0.0188583 0.0194280 0.0213795 0.0137065 0.0197473 0.0193784 0.0142243 0.0166387 0.0146194 0.0145178 0.0204734 0.0146578 0.0180442 0.0196043 -0.0720495 -0.0595643 -0.0602592 -0.0682579 -0.0748336 -0.0637503 -0.0733879 -0.0611444 0.0251577 0.0274782 0.0256643 0.0244632 0.0290931 0.0287202 0.0383574 0.0339634 0.0443544 0.0248387 0.0154765 0.0424286 0.0354785 0.0331345 0.8589038 0.0343501 0.0050648 0.0126025 0.0263440 0.0124567 0.0068719 0.0308986 0.0172825 0.0266240 -0.0509493 0.0050911 -0.0124289 -0.0082192 -0.0068177 0.0001763 0.0122482 -0.0133792 -0.0100178 -0.0186027 0.0260410 -0.0146528 0.0321848 0.0260229 0.0255399 0.0139821 0.0119331 0.0140967 -0.0047349 0.0265421 0.0007953 0.0208958 -0.0060963 -0.0298224 -0.0253690 -0.0061561 -0.0050449 -0.0060269 -0.0047380 -0.0349579 -0.0140649 -0.0798068 -0.0880389 -0.0126542 -0.0208152 0.0024534 -0.0465680 -0.0210275 -0.1422126 -0.0197924 -0.0573840 -0.0274553 -0.0282362 -0.0080274 -0.1025367 -0.0249399 -0.1082139
