0.8832231 0.1467321 0.1048766 0.1328151 0.1108019 0.1037099 0.1061804 0.1146061 0.1073782 0.1047021 0.1074248 0.1149962 0.1023989 0.1016190 0.0934565 0.0950095 -0.0207223 0.0061855 0.0080561 0.0022897 -0.0030553 0.0251255 0.0007759 0.0041953 0.0175528 0.0105883 0.0158240 -0.0000354 0.0045170 0.0005142 0.0148561 -0.0011588 0.0133530 0.0170386 0.0011804 0.0169124 0.0088991 0.0104398 0.0172579 0.0112576 -0.0019666 -0.0092781 -0.0012835 0.0004938 0.0153616 0.0041370 -0.0043816 -0.0115947 -0.0616044 -0.0151449 -0.0333706 -0.0405909 -0.0336928 -0.0191767 -0.0340823 -0.0337317 -0.0536653 -0.0424957 -0.0191550 -0.0337732 -0.0231597 -0.0398278 -0.0413091 -0.0102999 -0.0322654 -0.0106374 -0.0403434 -0.0118623 -0.0435113 0.0014802 -0.0396351 -0.0621712 -0.0539194 -0.0193664 -0.0384315 -0.0349319 -0.0407013 -0.0592412 -0.0405850 -0.1180024 -0.1256630 -0.0581553 -0.0471531 -0.0368532 -0.0815650 -0.0630855 -0.1544058 -0.0542347 -0.0816910 -0.0588480 -0.0594214 -0.0370083 -0.1081941 -0.0527799 -0.1422001
0.1467321 0.8835920 0.1062802 0.1425169 0.1121333 0.1106810 0.1120009 0.1163210 0.1099646 0.1081269 0.1130307 0.1156519 0.1099118 0.1056516 0.0951093 0.1001579 -0.0271420 0.0077029 0.0109725 0.0041780 -0.0105386 0.0211104 0.0016091 -0.0040817 0.0185793 0.0118028 0.0185029 0.0030890 0.0070645 0.0037941 0.0159780 0.0036859 0.0125818 0.0181850 0.0011627 0.0183501 0.0084984 0.0140551 0.0203850 0.0156919 0.0015298 -0.0077212 -0.0016023 0.0032473 0.0134063 0.0066148 -0.0097798 -0.0171655 -0.0659025 -0.0116279 -0.0353740 -0.0425429 -0.0360297 -0.0209451 -0.0338694 -0.0362273 -0.0577298 -0.0424171 -0.0180668 -0.0332404 -0.0244600 -0.0362880 -0.0375212 -0.0118110 -0.0293930 -0.0118702 -0.0381180 -0.0161636 -0.0470628 0.0021086 -0.0420086 -0.0645710 -0.0554203 -0.0225225 -0.0389218 -0.0293603 -0.0444900 -0.0640946 -0.0397939 -0.1263821 -0.1315882 -0.0588152 -0.0499784 -0.0410430 -0.0888696 -0.0628800 -0.1604535 -0.0523608 -0.0882032 -0.0670242 -0.0681464 -0.0380919 -0.1150973 -0.0521734 -0.1462441
0.1048766 0.1062802 0.8825444 0.1038380 0.1597517 0.1503014 0.1708111 0.1607917 0.1136858 0.1131434 0.1171446 0.1182266 0.1139574 0.1105125 0.1014885 0.1033639 -0.0215311 0.0026486 0.0126738 -0.0013635 -0.0074714 0.0221710 0.0000427 -0.0036059 0.0163472 0.0103120 0.0207460 0.0068792 0.0062903 0.0062718 0.0190567 0.0009608 0.0167300 0.0196397 0.0040799 0.0230668 0.0139128 0.0104119 0.0195407 0.0179845 0.0049789 -0.0047863 -0.0024375 0.0001292 0.0181166 0.0110995 -0.0068363 -0.0158295 -0.0720881 -0.0179496 -0.0323184 -0.0459877 -0.0353511 -0.0228566 -0.0367067 -0.0374086 -0.0564491 -0.0460494 -0.0233696 -0.0367404 -0.0254762 -0.0416405 -0.0419274 -0.0182179 -0.0363870 -0.0184796 -0.0425221 -0.0155500 -0.0490074 -0.0019544 -0.0444308 -0.0654815 -0.0583122 -0.0212710 -0.0371101 -0.0357223 -0.0467635 -0.0677768 -0.0423668 -0.1339954 -0.1443462 -0.0612912 -0.0495432 -0.0426202 -0.0922417 -0.0640173 -0.1661464 -0.0649302 -0.0923005 -0.0657975 -0.0667143 -0.0418786 -0.1233819 -0.0566021 -0.1562040
0.1328151 0.1425169 0.1038380 0.8938204 0.1057479 0.1046117 0.1030803 0.1119466 0.1059608 0.0997787 0.1077547 0.1084148 0.0997767 0.1008967 0.0913536 0.0949474 -0.0257571 0.0009860 0.0079043 -0.0029484 -0.0132187 0.0174001 -0.0018514 -0.0020137 0.0202052 0.0104675 0.0198066 0.0076686 0.0088055 0.0054065 0.0173483 0.0028349 0.0167900 0.0187982 0.0037811 0.0184111 0.0109007 0.0167816 0.0202877 0.0155979 0.0016832 -0.0050994 0.0062483 0.0044738 0.0185220 0.0078334 -0.0065492 -0.0097856 -0.0624345 -0.0112684 -0.0290726 -0.0424698 -0.0323046 -0.0199546 -0.0294361 -0.0352725 -0.0522405 -0.0384023 -0.0163019 -0.0296612 -0.0243923 -0.0384418 -0.0381323 -0.0087926 -0.0255117 -0.0119082 -0.0404731 -0.0082024 -0.0430136 0.0057141 -0.0394891 -0.0601631 -0.0553196 -0.0189740 -0.0358749 -0.0322943 -0.0427076 -0.0592911 -0.0384177 -0.1245533 -0.1304163 -0.0578518 -0.0427410 -0.0353827 -0.0858015 -0.0635741 -0.1608236 -0.0536758 -0.0854800 -0.0572090 -0.0565837 -0.0346441 -0.1149359 -0.0509586 -0.1440930
0.1108019 0.1121333 0.1597517 0.1057479 0.8996494 0.1704679 0.1745689 0.1722055 0.1188239 0.1160217 0.1208531 0.1239542 0.1165611 0.1151553 0.1011742 0.1073151 -0.0250705 0.0102582 0.0128684 0.0050691 -0.0045453 0.0276665 0.0053267 0.0011716 0.0203818 0.0093209 0.0206101 0.0020489 0.0049269 0.0027678 0.0180716 -0.0002232 0.0144107 0.0197169 -0.0016390 0.0213193 0.0086636 0.0119177 0.0223182 0.0139363 0.0067529 -0.0078381 -0.0039649 0.0025439 0.0181432 0.0054395 -0.0075794 -0.0184791 -0.0683281 -0.0157174 -0.0371425 -0.0434757 -0.0387410 -0.0225251 -0.0382700 -0.0389265 -0.0596142 -0.0475229 -0.0249701 -0.0440838 -0.0291820 -0.0425528 -0.0458778 -0.0166554 -0.0302550 -0.0136361 -0.0433900 -0.0187183 -0.0489805 0.0032195 -0.0458293 -0.0707514 -0.0628097 -0.0211780 -0.0388163 -0.0373161 -0.0500862 -0.0691015 -0.0439077 -0.1359503 -0.1474544 -0.0645086 -0.0537427 -0.0449607 -0.0918968 -0.0662735 -0.1674104 -0.0628546 -0.0912387 -0.0620389 -0.0629870 -0.0400969 -0.1230169 -0.0622350 -0.1542744
0.1037099 0.1106810 0.1503014 0.1046117 0.1704679 0.8879970 0.1654091 0.1633323 0.1154780 0.1128098 0.1173060 0.1224102 0.1116964 0.1117510 0.0999654 0.1061366 -0.0213740 0.0052378 0.0125646 0.0024368 -0.0065178 0.0235292 0.0031793 0.0000458 0.0220604 0.0142583 0.0209833 0.0046237 0.0088967 0.0065047 0.0142421 0.0011783 0.0181284 0.0184038 -0.0025742 0.0189869 0.0051479 0.0075291 0.0143136 0.0143760 0.0067134 -0.0055696 -0.0010568 -0.0000447 0.0174793 0.0073772 -0.0055061 -0.0227180 -0.0697660 -0.0193323 -0.0402104 -0.0419412 -0.0390962 -0.0208007 -0.0392090 -0.0365697 -0.0635616 -0.0469450 -0.0241415 -0.0398557 -0.0239677 -0.0399010 -0.0413702 -0.0146538 -0.0340489 -0.0139312 -0.0450662 -0.0216952 -0.0471158 0.0020907 -0.0482368 -0.0685105 -0.0607052 -0.0209920 -0.0378436 -0.0341856 -0.0449274 -0.0715435 -0.0411663 -0.1315746 -0.1441117 -0.0599604 -0.0493186 -0.0408260 -0.0923819 -0.0604964 -0.1639017 -0.0633333 -0.0901584 -0.0739858 -0.0745868 -0.0410867 -0.1188663 -0.0623511 -0.1510630
0.1061804 0.1120009 0.1708111 0.1030803 0.1745689 0.1654091 0.8809001 0.1791382 0.1172303 0.1161727 0.1204737 0.1249570 0.1142008 0.1168092 0.0984934 0.1076480 -0.0312991 0.0031026 0.0115746 0.0034763 -0.0110771 0.0209182 -0.0003098 -0.0084833 0.0189117 0.0110112 0.0193586 0.0042115 0.0055380 0.0067363 0.0173473 0.0003961 0.0173184 0.0212027 0.0017433 0.0210696 0.0062559 0.0125519 0.0205275 0.0196485 0.0045473 -0.0100824 -0.0013535 0.0007802 0.0149587 0.0037680 -0.0090416 -0.0169809 -0.0698967 -0.0162519 -0.0372267 -0.0469917 -0.0386866 -0.0232372 -0.0408614 -0.0375490 -0.0584721 -0.0489203 -0.0271186 -0.0474971 -0.0315482 -0.0445552 -0.0465829 -0.0136179 -0.0289792 -0.0112903 -0.0410023 -0.0166890 -0.0484501 0.0041262 -0.0463958 -0.0715564 -0.0626103 -0.0226706 -0.0390778 -0.0357765 -0.0509831 -0.0675462 -0.0446620 -0.1368083 -0.1474221 -0.0642949 -0.0499324 -0.0464393 -0.0936133 -0.0660920 -0.1746614 -0.0658038 -0.0931639 -0.0604447 -0.0610928 -0.0415540 -0.1271244 -0.0644438 -0.1609716
0.1146061 0.1163210 0.1607917 0.1119466 0.1722055 0.1633323 0.1791382 0.8987927 0.1235251 0.1184869 0.1253883 0.1323173 0.1175782 0.1209768 0.1058879 0.1088279 -0.0242781 0.0055038 0.0177475 0.0050087 -0.0055982 0.0286691 0.0055199 -0.0044021 0.0184123 0.0125872 0.0177858 0.0021784 0.0037269 0.0015625 0.0151606 -0.0005307 0.0170750 0.0200708 -0.0005713 0.0211712 0.0075622 0.0123781 0.0202488 0.0164326 0.0053150 -0.0108821 -0.0017892 0.0024883 0.0141020 0.0069178 -0.0104927 -0.0172853 -0.0708685 -0.0162158 -0.0404799 -0.0416942 -0.0403312 -0.0225934 -0.0385974 -0.0389288 -0.0622430 -0.0523351 -0.0308040 -0.0434791 -0.0312173 -0.0476871 -0.0498357 -0.0186179 -0.0337607 -0.0135195 -0.0459714 -0.0178889 -0.0484868 0.0013927 -0.0473193 -0.0703978 -0.0632495 -0.0197805 -0.0420713 -0.0369827 -0.0498173 -0.0706282 -0.0444430 -0.1366414 -0.1470256 -0.0677029 -0.0508865 -0.0454022 -0.0913112 -0.0675569 -0.1709995 -0.0610847 -0.0940740 -0.0628027 -0.0643657 -0.0412510 -0.1257394 -0.0611589 -0.1553239
0.1073782 0.1099646 0.1136858 0.1059608 0.1188239 0.1154780 0.1172303 0.1235251 0.9038347 0.1588490 0.1717190 0.1660967 0.1610157 0.1557017 0.1083730 0.1151059 -0.0210615 0.0110591 0.0168744 0.0136185 -0.0027218 0.0281053 0.0106836 0.0040224 0.0190746 0.0060643 0.0179214 0.0043158 0.0052457 0.0021734 0.0129115 0.0001210 0.0143678 0.0176784 -0.0037385 0.0178100 0.0068906 0.0089748 0.0149132 0.0122976 0.0037141 -0.0156198 -0.0069708 0.0067959 0.0198137 0.0059625 -0.0046073 -0.0203194 -0.0690485 -0.0182307 -0.0346993 -0.0505737 -0.0409797 -0.0229773 -0.0337689 -0.0372221 -0.0623636 -0.0444459 -0.0293112 -0.0397892 -0.0327655 -0.0456198 -0.0457920 -0.0180091 -0.0354229 -0.0135371 -0.0448869 -0.0196284 -0.0505200 0.0020605 -0.0466624 -0.0690752 -0.0553769 -0.0242471 -0.0420352 -0.0382801 -0.0547887 -0.0688983 -0.0427844 -0.1322991 -0.1374336 -0.0630323 -0.0573612 -0.0421411 -0.0954547 -0.0678420 -0.1599023 -0.0595044 -0.0930402 -0.0748276 -0.0745029 -0.0399215 -0.1232773 -0.0600559 -0.1529071
0.1047021 0.1081269 0.1131434 0.0997787 0.1160217 0.1128098 0.1161727 0.1184869 0.1588490 0.8975577 0.1570298 0.1615753 0.1725011 0.1553457 0.1012476 0.1088405 -0.0210546 0.0113366 0.0147632 0.0145998 -0.0012113 0.0280933 0.0102851 0.0065560 0.0151934 0.0069523 0.0143941 0.0040288 0.0035081 -0.0012014 0.0094045 -0.0030076 0.0130625 0.0169012 -0.0013928 0.0179996 0.0026480 0.0077093 0.0173992 0.0138779 -0.0000105 -0.0138095 -0.0052827 0.0066364 0.0168874 0.0017224 -0.0085549 -0.0180253 -0.0696698 -0.0157023 -0.0355086 -0.0423921 -0.0387458 -0.0193020 -0.0392719 -0.0347610 -0.0603352 -0.0469470 -0.0299493 -0.0411755 -0.0335282 -0.0483700 -0.0503734 -0.0191756 -0.0312971 -0.0141767 -0.0447066 -0.0176943 -0.0498562 -0.0030717 -0.0491744 -0.0671468 -0.0555108 -0.0243571 -0.0429160 -0.0379953 -0.0511254 -0.0665914 -0.0422888 -0.1266467 -0.1377896 -0.0639578 -0.0521767 -0.0420007 -0.0940901 -0.0641800 -0.1557852 -0.0621649 -0.0895387 -0.0670904 -0.0663549 -0.0401443 -0.1166465 -0.0612990 -0.1454363
0.1074248 0.1130307 0.1171446 0.1077547 0.1208531 0.1173060 0.1204737 0.1253883 0.1717190 0.1570298 0.9290293 0.1787271 0.1626267 0.1605302 0.1103065 0.1124600 -0.0146930 0.0180015 0.0275200 0.0186398 0.0061370 0.0363431 0.0166367 0.0091173 0.0134715 0.0029072 0.0125553 0.0010122 0.0035515 -0.0034246 0.0097291 -0.0087435 0.0101277 0.0164206 -0.0042377 0.0165479 0.0059107 0.0076597 0.0157130 0.0101073 0.0016738 -0.0152026 -0.0048283 0.0056213 0.0184655 0.0018411 -0.0114076 -0.0196268 -0.0660528 -0.0186464 -0.0331021 -0.0481038 -0.0384547 -0.0250694 -0.0385964 -0.0365738 -0.0632215 -0.0447023 -0.0304681 -0.0388784 -0.0405358 -0.0561995 -0.0569742 -0.0179054 -0.0353522 -0.0157027 -0.0450335 -0.0188223 -0.0527688 -0.0056669 -0.0497627 -0.0714021 -0.0573966 -0.0241996 -0.0410463 -0.0415099 -0.0540063 -0.0650869 -0.0458917 -0.1269761 -0.1369380 -0.0696482 -0.0514440 -0.0459056 -0.0963072 -0.0709496 -0.1537591 -0.0612046 -0.0919592 -0.0595862 -0.0589623 -0.0367611 -0.1188533 -0.0586506 -0.1469085
0.1149962 0.1156519 0.1182266 0.1084148 0.1239542 0.1224102 0.1249570 0.1323173 0.1660967 0.1615753 0.1787271 0.9177303 0.1682242 0.1635598 0.1061725 0.1181296 -0.0185697 0.0176894 0.0224516 0.0165113 0.0007539 0.0365260 0.0152772 0.0065962 0.0132787 0.0023512 0.0145019 0.0002024 0.0009193 -0.0042103 0.0084951 -0.0063531 0.0111067 0.0167331 -0.0001028 0.0188774 0.0060846 0.0052212 0.0154298 0.0092174 0.0028175 -0.0157410 -0.0026405 0.0034854 0.0194537 -0.0002133 -0.0085372 -0.0225670 -0.0728287 -0.0204340 -0.0368285 -0.0473932 -0.0382857 -0.0215467 -0.0394637 -0.0396836 -0.0636862 -0.0422361 -0.0323205 -0.0440809 -0.0406735 -0.0547774 -0.0554131 -0.0206542 -0.0351271 -0.0169392 -0.0440500 -0.0214743 -0.0528808 -0.0013716 -0.0475296 -0.0726644 -0.0588808 -0.0295043 -0.0468007 -0.0389898 -0.0546134 -0.0707781 -0.0438746 -0.1282314 -0.1390246 -0.0693707 -0.0544197 -0.0488519 -0.1000437 -0.0699973 -0.1543555 -0.0644655 -0.0923759 -0.0672193 -0.0671047 -0.0434582 -0.1173486 -0.0652141 -0.1508420
0.1023989 0.1099118 0.1139574 0.0997767 0.1165611 0.1116964 0.1142008 0.1175782 0.1610157 0.1725011 0.1626267 0.1682242 0.8991469 0.1627635 0.1047461 0.1096368 -0.0275124 0.0098927 0.0145244 0.0087583 -0.0060748 0.0272194 0.0074839 0.0007604 0.0156500 0.0070759 0.0206744 0.0037728 0.0062091 0.0014700 0.0130784 -0.0008482 0.0170115 0.0184504 -0.0035932 0.0190464 0.0084617 0.0127170 0.0212507 0.0122898 0.0010281 -0.0132752 -0.0020622 0.0091678 0.0168281 0.0043940 -0.0047011 -0.0217429 -0.0707770 -0.0158743 -0.0388235 -0.0418946 -0.0354148 -0.0256166 -0.0353462 -0.0386588 -0.0619650 -0.0448216 -0.0249145 -0.0414379 -0.0288930 -0.0462875 -0.0470455 -0.0207549 -0.0309506 -0.0130173 -0.0462374 -0.0195452 -0.0504599 0.0002814 -0.0478097 -0.0680052 -0.0608297 -0.0226469 -0.0417288 -0.0351415 -0.0510476 -0.0671132 -0.0422352 -0.1346736 -0.1414336 -0.0665582 -0.0566651 -0.0414802 -0.0971889 -0.0682782 -0.1636955 -0.0628484 -0.0925221 -0.0710586 -0.0705453 -0.0406770 -0.1243532 -0.0596273 -0.1546999
0.1016190 0.1056516 0.1105125 0.1008967 0.1151553 0.1117510 0.1168092 0.1209768 0.1557017 0.1553457 0.1605302 0.1635598 0.1627635 0.9081976 0.1052568 0.1033073 -0.0180392 0.0134114 0.0206219 0.0099337 -0.0019222 0.0318276 0.0097681 0.0064349 0.0175277 0.0007477 0.0129128 0.0023851 0.0047539 -0.0029696 0.0076419 -0.0058244 0.0087936 0.0173404 -0.0021675 0.0171119 0.0077303 0.0079345 0.0155581 0.0145661 0.0003625 -0.0130477 -0.0013265 0.0054758 0.0155946 0.0031236 -0.0074249 -0.0155137 -0.0675698 -0.0176964 -0.0361160 -0.0447401 -0.0386006 -0.0254091 -0.0366421 -0.0343948 -0.0630689 -0.0451121 -0.0279863 -0.0410139 -0.0349987 -0.0519188 -0.0520323 -0.0160596 -0.0315628 -0.0158821 -0.0446814 -0.0147561 -0.0480116 -0.0033236 -0.0485027 -0.0712218 -0.0575991 -0.0228475 -0.0402953 -0.0353128 -0.0489878 -0.0648953 -0.0434995 -0.1294068 -0.1365501 -0.0693513 -0.0530783 -0.0444058 -0.0959577 -0.0674881 -0.1570607 -0.0624995 -0.0911623 -0.0605215 -0.0600991 -0.0368384 -0.1195919 -0.0527313 -0.1491379
0.0934565 0.0951093 0.1014885 0.0913536 0.1011742 0.0999654 0.0984934 0.1058879 0.1083730 0.1012476 0.1103065 0.1061725 0.1047461 0.1052568 0.8806729 0.0964795 -0.0216891 0.0021185 0.0078128 -0.0038828 -0.0099349 0.0223113 -0.0009222 -0.0040115 0.0180174 0.0126882 0.0226032 0.0074831 0.0104106 0.0079575 0.0190610 0.0029556 0.0171734 0.0172902 0.0068828 0.0182316 0.0095032 0.0159120 0.0184601 0.0171196 0.0050077 -0.0035085 0.0008453 0.0053105 0.0153764 0.0133449 -0.0068995 -0.0132259 -0.0636445 -0.0143659 -0.0281613 -0.0386554 -0.0331136 -0.0140508 -0.0260363 -0.0363003 -0.0494552 -0.0322722 -0.0131915 -0.0297983 -0.0172017 -0.0300046 -0.0324834 -0.0175187 -0.0284870 -0.0136623 -0.0375688 -0.0125767 -0.0441530 0.0024051 -0.0388129 -0.0554919 -0.0494319 -0.0212116 -0.0346663 -0.0306036 -0.0427321 -0.0618468 -0.0361105 -0.1169103 -0.1255057 -0.0487681 -0.0387906 -0.0329072 -0.0808581 -0.0566720 -0.1514819 -0.0516161 -0.0822561 -0.0692849 -0.0697255 -0.0385427 -0.1078245 -0.0531659 -0.1392681
0.0950095 0.1001579 0.1033639 0.0949474 0.1073151 0.1061366 0.1076480 0.1088279 0.1151059 0.1088405 0.1124600 0.1181296 0.1096368 0.1033073 0.0964795 0.8864429 -0.0267581 0.0025938 0.0071414 0.0021503 -0.0094706 0.0192017 -0.0000821 -0.0017932 0.0221682 0.0180456 0.0239703 0.0091815 0.0134887 0.0088838 0.0204463 0.0113333 0.0248135 0.0163749 0.0065607 0.0241052 0.0095051 0.0149787 0.0197009 0.0150650 0.0100961 -0.0001566 0.0041310 0.0013964 0.0147232 0.0157259 -0.0001500 -0.0204302 -0.0651891 -0.0169397 -0.0301285 -0.0392764 -0.0352590 -0.0141876 -0.0299780 -0.0401224 -0.0534129 -0.0346072 -0.0153309 -0.0286920 -0.0128541 -0.0274332 -0.0287421 -0.0173330 -0.0292686 -0.0110378 -0.0399853 -0.0188724 -0.0483844 0.0027895 -0.0380624 -0.0587020 -0.0502177 -0.0167786 -0.0361250 -0.0226672 -0.0400451 -0.0662963 -0.0358048 -0.1199359 -0.1293863 -0.0488430 -0.0467902 -0.0364401 -0.0824095 -0.0577274 -0.1567108 -0.0541650 -0.0861755 -0.0823411 -0.0827717 -0.0382031 -0.0923468 -0.0582662 -0.1456780
-0.0207223 -0.0271420 -0.0215311 -0.0257571 -0.0250705 -0.0213740 -0.0312991 -0.0242781 -0.0210615 -0.0210546 -0.0146930 -0.0185697 -0.0275124 -0.0180392 -0.0216891 -0.0267581 1.1902399 0.1316475 0.1357153 0.1686711 0.1864004 0.1228522 0.1597258 0.1656120 -0.0724258 -0.0644826 -0.0668357 -0.0493946 -0.0735687 -0.0848858 -0.0961910 -0.0757647 -0.0909835 -0.0610976 -0.0490149 -0.0813365 -0.0628519 -0.0763685 -0.0743632 -0.0757418 -0.0037302 -0.0210489 -0.0911885 -0.0451884 -0.0423697 -0.0404642 -0.0277860 -0.1153865 0.0557473 -0.0403440 -0.0043127 0.0323838 -0.0402235 -0.0010085 -0.0165809 -0.0040875 0.0171117 -0.0022212 -0.0728090 -0.0011335 -0.0521509 -0.0506962 -0.0472116 -0.0642244 -0.0683425 -0.0615473 -0.0559452 -0.1126401 -0.0627580 -0.0699795 -0.0333617 0.0406293 0.0234092 -0.0026281 -0.0055412 -0.0027772 0.0252036 0.0107258 0.0166848 0.1358908 0.1430104 0.0126938 0.0095892 -0.0109532 0.0539500 0.0173959 0.2345200 0.0082985 0.0581714 -0.0900861 -0.0899587 -0.0441001 0.1617847 0.0077750 0.1816089
0.0061855 0.0077029 0.0026486 0.0009860 0.0102582 0.0052378 0.0031026 0.0055038 0.0110591 0.0113366 0.0180015 0.0176894 0.0098927 0.0134114 0.0021185 0.0025938 0.1316475 1.1044365 0.1306973 0.1447262 0.1455329 0.1220335 0.1414475 0.1276599 -0.0564026 -0.0640598 -0.0560333 -0.0550875 -0.0594383 -0.0778686 -0.0795558 -0.0697881 -0.0715119 -0.0451112 -0.0547510 -0.0714009 -0.0551061 -0.0648225 -0.0605882 -0.0660383 -0.0152031 -0.0468477 -0.0652932 -0.0308377 -0.0263113 -0.0510566 -0.0415675 -0.0841598 0.0247649 -0.0342888 -0.0071977 -0.0078740 -0.0335509 -0.0098280 -0.0443807 -0.0091689 -0.0093409 -0.0069232 -0.0716591 -0.0165175 -0.0719127 -0.0741131 -0.0725897 -0.0499299 -0.0533380 -0.0554490 -0.0466166 -0.0829989 -0.0628340 -0.0594299 -0.0393205 0.0154359 0.0014824 -0.0109866 -0.0162363 -0.0012808 -0.0021831 0.0141416 0.0067366 0.0845422 0.0844009 -0.0120351 -0.0011013 -0.0222375 0.0284840 0.0103815 0.1627472 -0.0116336 0.0317708 -0.0380173 -0.0378957 -0.0213637 0.1168081 -0.0189143 0.1303263
0.0080561 0.0109725 0.0126738 0.0079043 0.0128684 0.0125646 0.0115746 0.0177475 0.0168744 0.0147632 0.0275200 0.0224516 0.0145244 0.0206219 0.0078128 0.0071414 0.1357153 0.1306973 1.1125129 0.1412109 0.1584355 0.1254490 0.1370769 0.1306389 -0.0564324 -0.0554522 -0.0490869 -0.0546375 -0.0630275 -0.0788908 -0.0763901 -0.0706081 -0.0710986 -0.0435985 -0.0578332 -0.0620863 -0.0587623 -0.0654075 -0.0610981 -0.0562484 -0.0200230 -0.0455593 -0.0712961 -0.0337707 -0.0141432 -0.0482181 -0.0462102 -0.0798880 0.0329153 -0.0276411 -0.0090247 -0.0070343 -0.0246794 -0.0124531 -0.0361158 0.0032042 -0.0192864 -0.0157400 -0.0759701 -0.0134006 -0.0759939 -0.0755461 -0.0736969 -0.0428878 -0.0563640 -0.0528291 -0.0455685 -0.0783785 -0.0672765 -0.0574280 -0.0471640 -0.0030997 -0.0031215 -0.0092213 -0.0215692 -0.0135154 -0.0016238 0.0022607 -0.0047028 0.0848145 0.0897861 -0.0268392 -0.0002850 -0.0364159 0.0188326 0.0003781 0.1543816 -0.0117611 0.0083268 -0.0354727 -0.0368202 -0.0252987 0.1082586 -0.0176966 0.1130973
0.0022897 0.0041780 -0.0013635 -0.0029484 0.0050691 0.0024368 0.0034763 0.0050087 0.0136185 0.0145998 0.0186398 0.0165113 0.0087583 0.0099337 -0.0038828 0.0021503 0.1686711 0.1447262 0.1412109 1.1788561 0.1640080 0.1512728 0.1838487 0.1434604 -0.0682122 -0.0684200 -0.0659633 -0.0659968 -0.0783934 -0.0910638 -0.0965761 -0.0850092 -0.0832586 -0.0502770 -0.0616795 -0.0767186 -0.0562146 -0.0750579 -0.0688357 -0.0737453 -0.0340228 -0.0575625 -0.0838136 -0.0379324 -0.0308555 -0.0666792 -0.0589701 -0.0778085 0.0461220 -0.0250593 -0.0023039 0.0122165 -0.0121050 -0.0171019 -0.0394158 -0.0125725 -0.0125886 -0.0041503 -0.0850931 -0.0118582 -0.0899799 -0.0927689 -0.0918190 -0.0592102 -0.0506732 -0.0590853 -0.0420719 -0.0781278 -0.0675722 -0.0613740 -0.0417845 0.0017068 0.0014359 0.0042724 -0.0110475 -0.0279196 -0.0078697 0.0130221 -0.0056953 0.1034463 0.0856754 -0.0288110 -0.0254267 -0.0252703 0.0149675 -0.0005098 0.1965726 -0.0004525 0.0498049 -0.0110169 -0.0100509 -0.0195524 0.1383144 -0.0358573 0.1538324
-0.0030553 -0.0105386 -0.0074714 -0.0132187 -0.0045453 -0.0065178 -0.0110771 -0.0055982 -0.0027218 -0.0012113 0.0061370 0.0007539 -0.0060748 -0.0019222 -0.0099349 -0.0094706 0.1864004 0.1455329 0.1584355 0.1640080 1.2144551 0.1534875 0.1775419 0.1688100 -0.0760317 -0.0671580 -0.0607095 -0.0666969 -0.0796780 -0.0997040 -0.0931112 -0.0865221 -0.0946861 -0.0593202 -0.0661895 -0.0862908 -0.0791211 -0.0798380 -0.0766865 -0.0758389 -0.0155802 -0.0483677 -0.0907547 -0.0438514 -0.0352078 -0.0576261 -0.0485509 -0.1125525 0.0550425 -0.0284330 -0.0128709 0.0277564 -0.0227712 -0.0214659 -0.0439858 -0.0049872 -0.0041525 -0.0178285 -0.0889833 -0.0143376 -0.0816533 -0.0705083 -0.0703530 -0.0542864 -0.0654947 -0.0676103 -0.0526613 -0.1138875 -0.0694184 -0.0680545 -0.0352257 0.0263194 0.0115345 -0.0056344 -0.0093367 -0.0240242 0.0112221 0.0317552 -0.0007206 0.1248784 0.1297767 -0.0105677 -0.0063482 -0.0151927 0.0379479 0.0033326 0.2348005 0.0042759 0.0602295 -0.0507715 -0.0514689 -0.0176685 0.1632146 0.0039409 0.1739230
0.0251255 0.0211104 0.0221710 0.0174001 0.0276665 0.0235292 0.0209182 0.0286691 0.0281053 0.0280933 0.0363431 0.0365260 0.0272194 0.0318276 0.0223113 0.0192017 0.1228522 0.1220335 0.1254490 0.1512728 0.1534875 1.1203830 0.1528181 0.1431420 -0.0639865 -0.0546417 -0.0546841 -0.0509056 -0.0685393 -0.0825885 -0.0802915 -0.0726096 -0.0727813 -0.0418837 -0.0541965 -0.0661398 -0.0589050 -0.0597445 -0.0642527 -0.0577766 -0.0254749 -0.0556567 -0.0699414 -0.0315303 -0.0244668 -0.0580320 -0.0523214 -0.0783735 0.0292231 -0.0334696 -0.0061809 0.0044485 -0.0137469 -0.0212452 -0.0441948 -0.0120434 -0.0271292 -0.0105215 -0.0725542 -0.0163161 -0.0901590 -0.0819743 -0.0811748 -0.0508595 -0.0643460 -0.0582729 -0.0511170 -0.0772118 -0.0671299 -0.0565832 -0.0523505 -0.0049525 -0.0088284 -0.0104822 -0.0244158 -0.0245836 -0.0075339 0.0179132 0.0121123 0.0714269 0.0609405 -0.0360736 -0.0247348 -0.0247008 0.0052158 -0.0064601 0.1426240 -0.0144204 0.0186317 -0.0211936 -0.0197621 -0.0258230 0.1010011 -0.0279534 0.1088404
0.0007759 0.0016091 0.0000427 -0.0018514 0.0053267 0.0031793 -0.0003098 0.0055199 0.0106836 0.0102851 0.0166367 0.0152772 0.0074839 0.0097681 -0.0009222 -0.0000821 0.1597258 0.1414475 0.1370769 0.1838487 0.1775419 0.1528181 1.1635340 0.1566769 -0.0678051 -0.0683620 -0.0656816 -0.0649084 -0.0746293 -0.0907257 -0.0857489 -0.0759388 -0.0830937 -0.0533340 -0.0609816 -0.0825915 -0.0703089 -0.0766018 -0.0749534 -0.0723158 -0.0148688 -0.0452374 -0.0830093 -0.0368660 -0.0355795 -0.0540340 -0.0507322 -0.0961921 0.0340197 -0.0290791 -0.0018461 0.0176912 -0.0251698 -0.0138577 -0.0415772 -0.0055425 -0.0174142 0.0055327 -0.0738164 -0.0080091 -0.0819418 -0.0738193 -0.0707712 -0.0660493 -0.0680115 -0.0589514 -0.0556520 -0.0959972 -0.0704532 -0.0643535 -0.0493372 0.0151826 -0.0022276 0.0022804 -0.0188572 -0.0209931 0.0061830 0.0091206 0.0080597 0.1156527 0.1017908 -0.0132148 -0.0126342 -0.0138493 0.0314800 0.0074454 0.1961839 0.0092601 0.0483874 -0.0506161 -0.0505708 -0.0292614 0.1404059 -0.0164510 0.1594683
0.0041953 -0.0040817 -0.0036059 -0.0020137 0.0011716 0.0000458 -0.0084833 -0.0044021 0.0040224 0.0065560 0.0091173 0.0065962 0.0007604 0.0064349 -0.0040115 -0.0017932 0.1656120 0.1276599 0.1306389 0.1434604 0.1688100 0.1431420 0.1566769 1.1339508 -0.0601789 -0.0501252 -0.0605521 -0.0502135 -0.0670131 -0.0820781 -0.0828562 -0.0641700 -0.0795499 -0.0493898 -0.0612950 -0.0704084 -0.0576358 -0.0643049 -0.0626476 -0.0674600 -0.0128576 -0.0418964 -0.0784327 -0.0364349 -0.0258478 -0.0468852 -0.0381136 -0.0969998 0.0279870 -0.0323228 -0.0011622 0.0211482 -0.0285358 -0.0139765 -0.0257310 -0.0102355 -0.0077224 -0.0064755 -0.0734421 -0.0210627 -0.0678045 -0.0640462 -0.0626339 -0.0613826 -0.0627256 -0.0641374 -0.0496154 -0.0962536 -0.0584790 -0.0536371 -0.0358712 0.0227211 0.0086094 -0.0102322 -0.0160259 -0.0085439 0.0121498 0.0179338 -0.0036745 0.0953002 0.0842662 -0.0175685 -0.0086836 -0.0226782 0.0336367 -0.0008807 0.1810669 -0.0106806 0.0277523 -0.0396309 -0.0403413 -0.0309060 0.1248143 -0.0136710 0.1363215
0.0175528 0.0185793 0.0163472 0.0202052 0.0203818 0.0220604 0.0189117 0.0184123 0.0190746 0.0151934 0.0134715 0.0132787 0.0156500 0.0175277 0.0180174 0.0221682 -0.0724258 -0.0564026 -0.0564324 -0.0682122 -0.0760317 -0.0639865 -0.0678051 -0.0601789 0.8497005 0.0336383 0.0376741 0.0545496 0.0688228 0.0825589 0.0826014 0.0625024 0.0394798 0.0244822 0.0232132 0.0416287 0.0288389 0.0281677 0.0250502 0.0356610 0.0101645 0.0188782 0.0278427 0.0089732 0.0163170 0.0315095 0.0155072 0.0111241 -0.0536059 -0.0096407 -0.0198432 -0.0188124 -0.0189309 -0.0022214 -0.0082318 -0.0165950 -0.0167272 -0.0163351 0.0274711 -0.0054601 0.0283418 0.0239620 0.0237884 0.0084992 0.0021799 0.0119582 -0.0059128 0.0124518 0.0031635 0.0255908 -0.0044275 -0.0266182 -0.0296028 -0.0098809 -0.0099631 0.0024039 -0.0173220 -0.0383372 -0.0246186 -0.0875180 -0.1009177 -0.0073277 -0.0120735 0.0006959 -0.0542403 -0.0275305 -0.1413098 -0.0203088 -0.0560538 -0.0547533 -0.0558288 -0.0134216 -0.1051590 -0.0200021 -0.1266607
0.0105883 0.0118028 0.0103120 0.0104675 0.0093209 0.0142583 0.0110112 0.0125872 0.0060643 0.0069523 0.0029072 0.0023512 0.0070759 0.0007477 0.0126882 0.0180456 -0.0644826 -0.0640598 -0.0554522 -0.0684200 -0.0671580 -0.0546417 -0.0683620 -0.0501252 0.0336383 0.8688288 0.0744814 0.0292849 0.0477740 0.0378056 0.0448734 0.0420225 0.0370277 0.0204346 0.0173396 0.0405455 0.0230112 0.0232148 0.0266231 0.0333059 0.0124088 0.0274706 0.0184036 0.0008187 0.0056201 0.0349533 0.0212582 0.0043841 -0.0453987 -0.0006222 -0.0110713 -0.0146861 -0.0035532 0.0087074 0.0108101 -0.0256606 -0.0105070 -0.0077556 0.0335455 0.0034374 0.0513837 0.0434950 0.0424210 0.0034238 -0.0009481 0.0067413 -0.0124775 0.0044230 -0.0054233 0.0202969 -0.0081451 -0.0212988 -0.0158472 -0.0020322 0.0005946 -0.0000954 -0.0062831 -0.0407162 -0.0117361 -0.0722497 -0.0794823 0.0077365 -0.0158575 0.0076552 -0.0367499 -0.0090773 -0.1369135 -0.0171420 -0.0557517 -0.0642613 -0.0647331 -0.0110477 -0.0849670 -0.0206456 -0.1070310
0.0158240 0.0185029 0.0207460 0.0198066 0.0206101 0.0209833 0.0193586 0.0177858 0.0179214 0.0143941 0.0125553 0.0145019 0.0206744 0.0129128 0.0226032 0.0239703 -0.0668357 -0.0560333 -0.0490869 -0.0659633 -0.0607095 -0.0546841 -0.0656816 -0.0605521 0.0376741 0.0744814 0.8607913 0.0350834 0.0404440 0.0468844 0.0424546 0.0475295 0.0326190 0.0210447 0.0185406 0.0329486 0.0292824 0.0227407 0.0250385 0.0332988 0.0127914 0.0228743 0.0224583 0.0077016 0.0097965 0.0278121 0.0205166 0.0066052 -0.0520886 -0.0051982 -0.0226916 -0.0136255 -0.0142491 -0.0042283 -0.0016899 -0.0276288 -0.0161188 -0.0076793 0.0281682 0.0062761 0.0384522 0.0346736 0.0334322 0.0119968 0.0047397 0.0020795 -0.0085507 0.0059854 -0.0045195 0.0246299 -0.0006571 -0.0241244 -0.0302335 -0.0053692 -0.0025278 0.0015435 -0.0145086 -0.0419976 -0.0169843 -0.0910132 -0.0940046 0.0016673 -0.0158977 -0.0006297 -0.0392933 -0.0194394 -0.1330601 -0.0236139 -0.0553183 -0.0657412 -0.0670836 -0.0153384 -0.0924714 -0.0166715 -0.1121256
-0.0000354 0.0030890 0.0068792 0.0076686 0.0020489 0.0046237 0.0042115 0.0021784 0.0043158 0.0040288 0.0010122 0.0002024 0.0037728 0.0023851 0.0074831 0.0091815 -0.0493946 -0.0550875 -0.0546375 -0.0659968 -0.0666969 -0.0509056 -0.0649084 -0.0502135 0.0545496 0.0292849 0.0350834 0.8785482 0.0765661 0.0555118 0.0495597 0.0710034 0.0209861 0.0167658 0.0146901 0.0366635 0.0284730 0.0216142 0.0230770 0.0160653 0.0272956 0.0335230 0.0220569 0.0029497 0.0059082 0.0437575 0.0380265 0.0043975 -0.0529018 -0.0132434 -0.0048300 -0.0068652 -0.0064596 0.0159938 0.0033852 -0.0319196 -0.0041384 -0.0098120 0.0373032 0.0000715 0.0500721 0.0512555 0.0515167 0.0025946 -0.0051934 0.0013898 -0.0201475 0.0051628 -0.0053738 0.0233268 -0.0088890 -0.0081325 -0.0082516 -0.0084045 -0.0030123 0.0078766 -0.0059660 -0.0431250 -0.0179316 -0.0749993 -0.0750718 0.0083312 -0.0111454 0.0047058 -0.0404976 -0.0127490 -0.1145472 -0.0182042 -0.0640799 -0.0835936 -0.0843457 -0.0273304 -0.0883713 -0.0195286 -0.1035275
0.0045170 0.0070645 0.0062903 0.0088055 0.0049269 0.0088967 0.0055380 0.0037269 0.0052457 0.0035081 0.0035515 0.0009193 0.0062091 0.0047539 0.0104106 0.0134887 -0.0735687 -0.0594383 -0.0630275 -0.0783934 -0.0796780 -0.0685393 -0.0746293 -0.0670131 0.0688228 0.0477740 0.0404440 0.0765661 0.8750340 0.0680035 0.0587131 0.0808543 0.0298101 0.0224994 0.0194918 0.0358921 0.0254915 0.0283961 0.0284469 0.0262764 0.0168323 0.0179622 0.0234265 0.0045153 0.0056738 0.0330195 0.0199419 0.0107303 -0.0350447 -0.0090599 -0.0096567 -0.0265149 -0.0048751 0.0099958 0.0022933 -0.0249323 -0.0082857 -0.0019922 0.0366970 0.0009311 0.0537196 0.0497833 0.0496408 0.0132516 0.0003496 0.0112764 -0.0081687 0.0091730 -0.0029190 0.0263691 -0.0026436 -0.0153444 -0.0199609 -0.0049532 -0.0033345 0.0034552 -0.0088866 -0.0410251 -0.0122075 -0.0801849 -0.0819036 0.0081754 -0.0179234 0.0057695 -0.0444652 -0.0239131 -0.1337010 -0.0261048 -0.0550052 -0.0625852 -0.0626335 -0.0188409 -0.0966960 -0.0195742 -0.1122470
0.0005142 0.0037941 0.0062718 0.0054065 0.0027678 0.0065047 0.0067363 0.0015625 0.0021734 -0.0012014 -0.0034246 -0.0042103 0.0014700 -0.0029696 0.0079575 0.0088838 -0.0848858 -0.0778686 -0.0788908 -0.0910638 -0.0997040 -0.0825885 -0.0907257 -0.0820781 0.0825589 0.0378056 0.0468844 0.0555118 0.0680035 0.8707532 0.0862915 0.0673872 0.0318384 0.0277260 0.0262633 0.0421667 0.0346498 0.0436039 0.0284642 0.0391240 0.0124049 0.0285441 0.0388528 0.0121438 0.0157097 0.0357653 0.0272026 0.0340806 -0.0494694 -0.0071752 -0.0167226 -0.0148537 -0.0039251 0.0036436 0.0134640 -0.0237253 -0.0138857 -0.0087750 0.0368551 -0.0025574 0.0546124 0.0506598 0.0511777 0.0205025 0.0061336 0.0153735 0.0001583 0.0342735 0.0135227 0.0369336 0.0041594 -0.0228916 -0.0164194 -0.0116823 -0.0108222 0.0158714 -0.0172680 -0.0373989 -0.0157494 -0.0911889 -0.0937479 0.0093322 -0.0090588 0.0025939 -0.0420651 -0.0146458 -0.1513331 -0.0177004 -0.0589463 -0.0480469 -0.0485451 -0.0116090 -0.1052374 -0.0149890 -0.1264836
0.0148561 0.0159780 0.0190567 0.0173483 0.0180716 0.0142421 0.0173473 0.0151606 0.0129115 0.0094045 0.0097291 0.0084951 0.0130784 0.0076419 0.0190610 0.0204463 -0.0961910 -0.0795558 -0.0763901 -0.0965761 -0.0931112 -0.0802915 -0.0857489 -0.0828562 0.0826014 0.0448734 0.0424546 0.0495597 0.0587131 0.0862915 0.8587413 0.0637765 0.0423663 0.0312348 0.0262105 0.0491689 0.0388369 0.0427835 0.0384075 0.0410213 0.0167575 0.0240655 0.0403794 0.0111137 0.0160596 0.0434920 0.0238415 0.0318354 -0.0622812 0.0022366 -0.0151699 -0.0114624 -0.0049583 0.0026907 0.0103620 -0.0199717 -0.0218393 -0.0147438 0.0472563 -0.0049532 0.0432451 0.0380890 0.0383350 0.0106817 0.0099793 0.0158037 -0.0019161 0.0317214 0.0090958 0.0425800 -0.0016274 -0.0328032 -0.0238392 -0.0043279 -0.0020875 0.0000038 -0.0185456 -0.0443695 -0.0217478 -0.1022266 -0.1113111 -0.0034917 -0.0157468 0.0045371 -0.0552542 -0.0247660 -0.1644740 -0.0215174 -0.0648486 -0.0452720 -0.0459213 -0.0112148 -0.1237562 -0.0086655 -0.1430083
-0.0011588 0.0036859 0.0009608 0.0028349 -0.0002232 0.0011783 0.0003961 -0.0005307 0.0001210 -0.0030076 -0.0087435 -0.0063531 -0.0008482 -0.0058244 0.0029556 0.0113333 -0.0757647 -0.0697881 -0.0706081 -0.0850092 -0.0865221 -0.0726096 -0.0759388 -0.0641700 0.0625024 0.0420225 0.0475295 0.0710034 0.0808543 0.0673872 0.0637765 0.8768015 0.0372706 0.0191643 0.0164661 0.0450615 0.0315287 0.0264504 0.0319195 0.0254671 0.0178131 0.0352923 0.0211622 0.0033385 0.0067970 0.0456858 0.0323956 0.0027330 -0.0531745 -0.0060597 -0.0158470 -0.0035114 -0.0151634 0.0158937 0.0110582 -0.0224217 -0.0077403 0.0014649 0.0400750 0.0140870 0.0650690 0.0735918 0.0729170 0.0012114 -0.0067520 0.0048304 -0.0028522 0.0034959 0.0000748 0.0288122 0.0092384 -0.0085280 -0.0150345 -0.0098106 -0.0046269 0.0217297 0.0020460 -0.0423221 -0.0149215 -0.0753358 -0.0791200 0.0173561 -0.0171761 0.0086137 -0.0391839 -0.0132465 -0.1227199 -0.0237230 -0.0535720 -0.1013964 -0.1020830 -0.0235380 -0.0848362 -0.0049334 -0.1101864
0.0133530 0.0125818 0.0167300 0.0167900 0.0144107 0.0181284 0.0173184 0.0170750 0.0143678 0.0130625 0.0101277 0.0111067 0.0170115 0.0087936 0.0171734 0.0248135 -0.0909835 -0.0715119 -0.0710986 -0.0832586 -0.0946861 -0.0727813 -0.0830937 -0.0795499 0.0394798 0.0370277 0.0326190 0.0209861 0.0298101 0.0318384 0.0423663 0.0372706 0.8545211 0.0290762 0.0309047 0.0518092 0.0296058 0.0453276 0.0446604 0.0465396 0.0077927 0.0229297 0.0382500 0.0153904 0.0162697 0.0236462 0.0152961 0.0360647 -0.0477274 0.0115767 -0.0116355 -0.0220135 -0.0033349 0.0007970 0.0060228 -0.0155469 -0.0155082 -0.0124018 0.0373625 -0.0085163 0.0331392 0.0280498 0.0269545 0.0184155 0.0151120 0.0198573 0.0067788 0.0347208 0.0109862 0.0299581 -0.0001512 -0.0278895 -0.0267757 -0.0017302 -0.0054149 -0.0031752 -0.0171176 -0.0352015 -0.0197793 -0.0889276 -0.0942486 -0.0072730 -0.0156507 -0.0026033 -0.0442397 -0.0152901 -0.1569592 -0.0150956 -0.0520321 -0.0277067 -0.0275261 -0.0079348 -0.1137752 -0.0224504 -0.1173648
0.0170386 0.0181850 0.0196397 0.0187982 0.0197169 0.0184038 0.0212027 0.0200708 0.0176784 0.0169012 0.0164206 0.0167331 0.0184504 0.0173404 0.0172902 0.0163749 -0.0610976 -0.0451112 -0.0435985 -0.0502770 -0.0593202 -0.0418837 -0.0533340 -0.0493898 0.0244822 0.0204346 0.0210447 0.0167658 0.0224994 0.0277260 0.0312348 0.0191643 0.0290762 0.9513844 0.0183187 0.0271679 0.0224393 0.0271648 0.0258084 0.0256666 0.0006719 0.0054288 0.0293769 0.0133622 0.0131234 0.0127795 0.0088230 0.0395742 -0.0237319 0.0090230 -0.0037870 -0.0165025 0.0052390 -0.0023408 0.0040232 -0.0035726 -0.0103973 -0.0073458 0.0168637 -0.0079444 0.0107277 0.0042833 0.0034789 0.0201215 0.0214845 0.0200408 0.0119260 0.0397497 0.0175795 0.0221363 0.0050865 -0.0239892 -0.0137817 -0.0034099 -0.0041250 -0.0085976 -0.0188011 -0.0149190 -0.0117964 -0.0628292 -0.0676994 -0.0140332 -0.0074621 -0.0035170 -0.0276251 -0.0179594 -0.1037273 -0.0097440 -0.0284530 0.0295228 0.0290962 0.0051853 -0.0729361 -0.0073860 -0.0807393
0.0011804 0.0011627 0.0040799 0.0037811 -0.0016390 -0.0025742 0.0017433 -0.0005713 -0.0037385 -0.0013928 -0.0042377 -0.0001028 -0.0035932 -0.0021675 0.0068828 0.0065607 -0.0490149 -0.0547510 -0.0578332 -0.0616795 -0.0661895 -0.0541965 -0.0609816 -0.0612950 0.0232132 0.0173396 0.0185406 0.0146901 0.0194918 0.0262633 0.0262105 0.0164661 0.0309047 0.0183187 0.8831552 0.0314707 0.0257808 0.0247631 0.0156128 0.0241671 -0.0005621 0.0090985 0.0255365 -0.0040209 0.0049132 0.0126786 0.0079780 0.0189776 -0.0276697 -0.0003621 -0.0034755 -0.0156585 -0.0014620 0.0028985 0.0032309 -0.0123492 0.0020043 0.0011987 0.0240238 0.0022058 0.0218623 0.0177239 0.0166559 0.0120618 0.0072895 0.0148928 0.0013509 0.0188393 0.0052479 0.0236432 0.0054409 -0.0129726 -0.0154001 -0.0046673 -0.0039686 -0.0003727 -0.0030460 -0.0172550 -0.0029161 -0.0579010 -0.0591835 0.0010987 0.0032764 0.0076647 -0.0222500 -0.0123676 -0.0956539 -0.0129224 -0.0239013 -0.0209985 -0.0211396 -0.0013149 -0.0724606 -0.0028488 -0.0747146
0.0169124 0.0183501 0.0230668 0.0184111 0.0213193 0.0189869 0.0210696 0.0211712 0.0178100 0.0179996 0.0165479 0.0188774 0.0190464 0.0171119 0.0182316 0.0241052 -0.0813365 -0.0714009 -0.0620863 -0.0767186 -0.0862908 -0.0661398 -0.0825915 -0.0704084 0.0416287 0.0405455 0.0329486 0.0366635 0.0358921 0.0421667 0.0491689 0.0450615 0.0518092 0.0271679 0.0314707 0.8618829 0.0412469 0.0375568 0.0423093 0.0404739 0.0136733 0.0247834 0.0352469 0.0106085 0.0127386 0.0335506 0.0246983 0.0179894 -0.0476299 0.0030359 -0.0123511 -0.0202855 -0.0022867 0.0022500 0.0013434 -0.0100886 -0.0177401 -0.0141083 0.0421778 -0.0041934 0.0435515 0.0421294 0.0411956 0.0114872 0.0136621 0.0197396 -0.0030434 0.0207414 0.0032254 0.0355137 -0.0022170 -0.0223419 -0.0219524 -0.0073717 -0.0031414 0.0009322 -0.0147400 -0.0400604 -0.0202338 -0.1025477 -0.1037544 -0.0009047 -0.0132569 -0.0021297 -0.0462642 -0.0268739 -0.1547828 -0.0207148 -0.0643802 -0.0527795 -0.0538313 -0.0148243 -0.1141243 -0.0212376 -0.1337444
0.0088991 0.0084984 0.0139128 0.0109007 0.0086636 0.0051479 0.0062559 0.0075622 0.0068906 0.0026480 0.0059107 0.0060846 0.0084617 0.0077303 0.0095032 0.0095051 -0.0628519 -0.0551061 -0.0587623 -0.0562146 -0.0791211 -0.0589050 -0.0703089 -0.0576358 0.0288389 0.0230112 0.0292824 0.0284730 0.0254915 0.0346498 0.0388369 0.0315287 0.0296058 0.0224393 0.0257808 0.0412469 0.8685336 0.0298754 0.0356195 0.0295101 0.0006245 0.0106832 0.0282372 0.0018776 0.0121987 0.0202923 0.0106200 0.0194293 -0.0368101 -0.0011307 -0.0090677 -0.0101100 -0.0044699 0.0010604 0.0101428 -0.0236754 -0.0119972 -0.0085679 0.0335430 0.0015019 0.0275887 0.0238136 0.0244172 0.0080782 0.0164439 0.0096558 0.0012818 0.0199245 0.0083609 0.0328053 -0.0014875 -0.0173055 -0.0160116 -0.0030485 -0.0001400 0.0014507 -0.0091485 -0.0304228 -0.0194348 -0.0909722 -0.0922769 -0.0053620 -0.0166345 0.0018303 -0.0310230 -0.0229626 -0.1225827 -0.0068041 -0.0391864 -0.0287329 -0.0296008 -0.0059654 -0.0917366 -0.0105499 -0.1037846
0.0104398 0.0140551 0.0104119 0.0167816 0.0119177 0.0075291 0.0125519 0.0123781 0.0089748 0.0077093 0.0076597 0.0052212 0.0127170 0.0079345 0.0159120 0.0149787 -0.0763685 -0.0648225 -0.0654075 -0.0750579 -0.0798380 -0.0597445 -0.0766018 -0.0643049 0.0281677 0.0232148 0.0227407 0.0216142 0.0283961 0.0436039 0.0427835 0.0264504 0.0453276 0.0271648 0.0247631 0.0375568 0.0298754 0.8787110 0.0340723 0.0424650 -0.0006025 0.0130235 0.0428457 0.0123845 0.0099475 0.0170892 0.0155081 0.0358232 -0.0365224 0.0080323 -0.0048449 -0.0131993 0.0014019 -0.0060960 0.0104355 -0.0095600 -0.0150247 -0.0036348 0.0237022 -0.0148634 0.0188737 0.0127146 0.0123133 0.0184946 0.0175549 0.0222444 0.0113413 0.0340811 0.0212004 0.0335369 0.0029568 -0.0321375 -0.0192741 -0.0042911 -0.0052615 -0.0079839 -0.0216002 -0.0179992 -0.0147993 -0.0842129 -0.0975425 -0.0098321 -0.0157706 0.0027831 -0.0324949 -0.0283551 -0.1335946 -0.0142836 -0.0387877 0.0108212 0.0096863 -0.0044853 -0.1023456 -0.0113853 -0.1117040
0.0172579 0.0203850 0.0195407 0.0202877 0.0223182 0.0143136 0.0205275 0.0202488 0.0149132 0.0173992 0.0157130 0.0154298 0.0212507 0.0155581 0.0184601 0.0197009 -0.0743632 -0.0605882 -0.0610981 -0.0688357 -0.0766865 -0.0642527 -0.0749534 -0.0626476 0.0250502 0.0266231 0.0250385 0.0230770 0.0284469 0.0284642 0.0384075 0.0319195 0.0446604 0.0258084 0.0156128 0.0423093 0.0356195 0.0340723 0.8597393 0.0346800 0.0029830 0.0098457 0.0274594 0.0135572 0.0074197 0.0282024 0.0157149 0.0285118 -0.0494014 0.0065839 -0.0122942 -0.0095608 -0.0057134 -0.0007031 0.0120447 -0.0115231 -0.0108221 -0.0191575 0.0236702 -0.0165362 0.0252585 0.0171738 0.0162806 0.0160256 0.0147072 0.0160910 -0.0021995 0.0283697 0.0035247 0.0213727 -0.0052137 -0.0317051 -0.0255654 -0.0067178 -0.0059188 -0.0081063 -0.0072823 -0.0334426 -0.0149703 -0.0804473 -0.0890061 -0.0156345 -0.0205534 0.0009120 -0.0466084 -0.0222686 -0.1441113 -0.0196834 -0.0560390 -0.0167159 -0.0165262 -0.0058003 -0.1039376 -0.0244295 -0.1087503
