0.0014685 0.7414764 0.2570552
0.0000994 0.7538924 0.2460082
0.0000991 0.7764516 0.2234493
0.0000995 0.7112372 0.2886634
0.0000991 0.7980051 0.2018957
0.0000992 0.7899239 0.2099770
0.0000989 0.7975773 0.2023238
0.0000990 0.8108036 0.1890974
0.0000994 0.8174656 0.1824350
0.0000996 0.8148705 0.1850298
0.0000998 0.8311552 0.1687449
0.0000996 0.8501295 0.1497709
0.0000992 0.8113609 0.1885399
0.0000996 0.8151875 0.1847129
0.0000997 0.7011777 0.2987226
0.0000995 0.7155789 0.2843217
0.5536879 0.4462125 0.0000996
0.4654028 0.5344976 0.0000996
0.4446813 0.5552192 0.0000996
0.4883711 0.5115293 0.0000996
0.5322188 0.4676816 0.0000996
0.4247295 0.5751709 0.0000996
0.4920067 0.5078937 0.0000996
0.4879839 0.5119165 0.0000996
0.0000994 0.2621221 0.7377785
0.0067093 0.2401130 0.7531776
0.0000998 0.2772365 0.7226637
0.0107447 0.2259067 0.7633486
0.0000997 0.2094605 0.7904398
0.0000991 0.1575407 0.8423602
0.0000984 0.1931190 0.8067825
0.0000995 0.1853551 0.8145453
0.0000992 0.2153629 0.7845379
0.0635909 0.2591042 0.6773050
0.0609096 0.1971171 0.7419733
0.0000990 0.2415019 0.7583991
0.0108923 0.2265631 0.7625446
0.0076173 0.2188789 0.7735038
0.0000998 0.2588938 0.7410064
0.0011585 0.2389928 0.7598487
0.1157689 0.3054659 0.5787652
0.0740927 0.2060044 0.7199029
0.0182141 0.1481870 0.8335989
0.1208985 0.2532633 0.6258382
0.0938723 0.3207088 0.5854189
0.0217951 0.2511866 0.7270183
0.0807296 0.2087336 0.7105368
0.0211940 0.0296182 0.9491878
0.4626813 0.0763387 0.4609800
0.1821506 0.1726767 0.6451727
0.2589228 0.1337623 0.6073149
0.3001172 0.1542773 0.5456055
0.2234019 0.0985230 0.6780751
0.1868635 0.1976339 0.6155025
0.1774325 0.0885274 0.7340401
0.3005541 0.1339422 0.5655037
0.2945678 0.0402945 0.6651376
0.2584532 0.1051093 0.6364375
0.0134269 0.0666656 0.9199075
0.2128950 0.1217192 0.6653859
0.0000998 0.0601566 0.9397436
0.0073182 0.0036131 0.9890687
0.0120126 0.0019823 0.9860051
0.1242404 0.1222553 0.7535043
0.1476536 0.0480787 0.8042678
0.1075090 0.1401035 0.7523875
0.2068615 0.0290814 0.7640572
0.0187887 0.0342978 0.9469136
0.1725563 0.0001001 0.8273435
0.0344737 0.1965445 0.7689818
0.2154012 0.0414092 0.7431895
0.3616244 0.0605708 0.5778049
0.3335420 0.0706518 0.5958062
0.2171293 0.1975977 0.5852731
0.2313177 0.1102698 0.6584125
0.2130956 0.1465330 0.6403714
0.2856953 0.1243597 0.5899450
0.4037237 0.0420689 0.5542074
0.2876196 0.1335043 0.5788761
0.7286260 0.0001002 0.2712738
0.7459011 0.0001004 0.2539985
0.2578880 0.0261659 0.7159460
0.2993614 0.0755125 0.6251261
0.2044239 0.0950804 0.7004957
0.4604435 0.0001001 0.5394564
0.3380115 0.0377006 0.6242879
0.9804280 0.0001002 0.0194719
0.3239364 0.0402855 0.6357782
0.5140550 0.0001000 0.4858451
0.3731091 0.0001006 0.6267903
0.3794308 0.0001006 0.6204686
0.2606213 0.0769976 0.6623811
0.7629993 0.0494034 0.1875973
0.3069148 0.0284523 0.6646329
0.8552312 0.0001003 0.1446685
