0.7708676 0.0043045 0.1768431 0.0479848
0.7859868 0.0000996 0.1788264 0.0350872
0.8119918 0.0000993 0.1562670 0.0316420
0.7415925 0.0000994 0.2005428 0.0577653
0.8347218 0.0000993 0.1327648 0.0324141
0.8244338 0.0000995 0.1581697 0.0172969
0.8355907 0.0000990 0.1261469 0.0381634
0.8495020 0.0000992 0.1190024 0.0313963
0.8539968 0.0000997 0.1261752 0.0197284
0.8505252 0.0000998 0.1192945 0.0300805
0.8665852 0.0008698 0.0946976 0.0378475
0.8884150 0.0000998 0.0882145 0.0232707
0.8481808 0.0000995 0.1283175 0.0234022
0.8509387 0.0000997 0.1103617 0.0385999
0.7248620 0.0075544 0.2297089 0.0378747
0.7391458 0.0076541 0.2369569 0.0162433
0.3820137 0.5861250 0.0317625 0.0000989
0.5212482 0.4785527 0.0000996 0.0000996
0.5437502 0.4560506 0.0000996 0.0000996
0.5068881 0.4929122 0.0000999 0.0000999
0.4416307 0.5581708 0.0000993 0.0000993
0.5699356 0.4298649 0.0000998 0.0000998
0.4846671 0.5151343 0.0000993 0.0000993
0.4911971 0.5086042 0.0000994 0.0000994
0.2617598 0.0000991 0.6145425 0.1235986
0.2338218 0.0140236 0.6524875 0.0996671
0.2749178 0.0015423 0.6225953 0.1009445
0.2113764 0.0315452 0.6902730 0.0668054
0.2048288 0.0000997 0.6839155 0.1111561
0.1546477 0.0000986 0.6945080 0.1507457
0.1947344 0.0000979 0.6572557 0.1479120
0.1677829 0.0131915 0.7610778 0.0579478
0.2198372 0.0000983 0.6006225 0.1794420
0.2784718 0.0238321 0.4739674 0.2237287
0.2024424 0.0366112 0.5779144 0.1830321
0.2437115 0.0000986 0.6264101 0.1297797
0.2289023 0.0000995 0.6021142 0.1688840
0.2254554 0.0000988 0.5457559 0.2286900
0.2631105 0.0000988 0.5520319 0.1847586
0.2426060 0.0000991 0.5740791 0.1832159
0.2752669 0.1542826 0.5703509 0.0000997
0.1756381 0.1193202 0.7049419 0.0000998
0.1578810 0.0000986 0.5544938 0.2875265
0.2691293 0.0711790 0.4206128 0.2390789
0.3331262 0.0670880 0.4300353 0.1697504
0.2290340 0.0606123 0.6881459 0.0222078
0.1924710 0.1007225 0.6465769 0.0602295
0.0595106 0.0000972 0.4553449 0.4850472
0.0786278 0.3794062 0.2392800 0.3026860
0.1870697 0.1178381 0.4174650 0.2776273
0.1333294 0.2188881 0.4390448 0.2087377
0.1324351 0.3002121 0.4771200 0.0902327
0.1116943 0.1547356 0.4368672 0.2967028
0.1838480 0.1881925 0.5345194 0.0934400
0.0825260 0.1494779 0.5784094 0.1895867
0.1456056 0.2219885 0.3286882 0.3037177
0.0269698 0.2690759 0.5286455 0.1753089
0.0953557 0.2349059 0.5033114 0.1664270
0.0449289 0.0428194 0.8417339 0.0705177
0.1005892 0.2273667 0.6022529 0.0697912
0.0000997 0.0692641 0.9305364 0.0000997
0.0000998 0.0818870 0.9179134 0.0000998
0.0000998 0.0878340 0.9119664 0.0000998
0.1464202 0.0372174 0.4591819 0.3571805
0.0787982 0.0392097 0.4598781 0.4221139
0.1566959 0.0341977 0.4926089 0.3164974
0.0458283 0.1091500 0.4611334 0.3838882
0.0630749 0.0000972 0.4578739 0.4789540
0.0000999 0.0695393 0.5104774 0.4198834
0.2044760 0.0038801 0.5868807 0.2047631
0.0438507 0.1537215 0.5199990 0.2824288
0.0263315 0.3695221 0.5302203 0.0739261
0.0590034 0.2978329 0.4508179 0.1923458
0.1908684 0.2032921 0.4727615 0.1330780
0.0982720 0.2166920 0.5404701 0.1445659
0.1179815 0.2387747 0.6109074 0.0323363
0.0914897 0.3134723 0.5743209 0.0207172
0.0478408 0.3157279 0.3050674 0.3313639
0.1211072 0.2737046 0.4709826 0.1342057
0.0001005 0.6742412 0.1443181 0.1813401
0.0001008 0.7001239 0.1532053 0.1465700
0.0000999 0.2874698 0.6898544 0.0225758
0.0682121 0.2539481 0.4552029 0.2226369
0.0748254 0.2090019 0.6152100 0.1009627
0.0001002 0.4062009 0.3721569 0.2215420
0.0143243 0.3258823 0.5257604 0.1340331
0.0001010 0.9269910 0.0001010 0.0728069
0.0325808 0.2770432 0.4605196 0.2298564
0.0001000 0.4225327 0.2483367 0.3290305
0.0001011 0.0179540 0.0001011 0.9818438
0.0001011 0.0184417 0.0001011 0.9813560
0.0945428 0.1655686 0.3770009 0.3628877
0.0126538 0.7373403 0.1358469 0.1141589
0.0217647 0.2521334 0.4738688 0.2522331
0.0001007 0.7901658 0.0146141 0.1951194
