0.8822491 0.1461785 0.1042895 0.1324008 0.1102327 0.1031101 0.1054446 0.1137633 0.1062534 0.1038311 0.1065377 0.1139117 0.1014565 0.1007676 0.0930004 0.0946312 -0.0198805 0.0070924 0.0093729 0.0039732 -0.0016540 0.0265842 0.0028348 0.0058924 0.0158161 0.0107584 0.0151470 -0.0000255 0.0043746 -0.0004168 0.0139479 -0.0022747 0.0126308 0.0170403 0.0002684 0.0163327 0.0084661 0.0098925 0.0167723 0.0106398 -0.0014699 -0.0085973 -0.0020754 -0.0010341 0.0149551 0.0043431 -0.0044672 -0.0121758 -0.0626358 -0.0152800 -0.0321484 -0.0413510 -0.0326361 -0.0195754 -0.0343390 -0.0349482 -0.0533101 -0.0421012 -0.0176899 -0.0326765 -0.0198130 -0.0344590 -0.0355193 -0.0106962 -0.0336647 -0.0156694 -0.0440778 -0.0121908 -0.0481650 0.0005727 -0.0426958 -0.0629287 -0.0541197 -0.0188560 -0.0375245 -0.0342509 -0.0397216 -0.0591444 -0.0396220 -0.1183808 -0.1260406 -0.0576828 -0.0485423 -0.0361882 -0.0824430 -0.0627431 -0.1547651 -0.0542255 -0.0830278 -0.0557370 -0.0562080 -0.0382458 -0.1083335 -0.0551323 -0.1418254
0.1461785 0.8823035 0.1056007 0.1419643 0.1114611 0.1100231 0.1111878 0.1153746 0.1088346 0.1071835 0.1120137 0.1144996 0.1089127 0.1047145 0.0946037 0.0997411 -0.0266628 0.0080939 0.0117520 0.0048932 -0.0096715 0.0215288 0.0029249 -0.0030956 0.0171347 0.0120918 0.0180380 0.0032766 0.0070641 0.0033680 0.0153732 0.0030434 0.0120667 0.0183085 0.0005016 0.0180231 0.0082828 0.0137352 0.0201098 0.0152629 0.0021063 -0.0069895 -0.0021230 0.0020657 0.0131087 0.0070079 -0.0095933 -0.0179377 -0.0667428 -0.0117381 -0.0345392 -0.0430048 -0.0353156 -0.0211666 -0.0339363 -0.0371581 -0.0574495 -0.0420907 -0.0165703 -0.0323400 -0.0215364 -0.0315032 -0.0325933 -0.0121364 -0.0305272 -0.0156651 -0.0404204 -0.0168104 -0.0498637 0.0015063 -0.0442438 -0.0649173 -0.0555372 -0.0221228 -0.0382601 -0.0287471 -0.0436212 -0.0641658 -0.0390461 -0.1265540 -0.1318655 -0.0581280 -0.0509933 -0.0403700 -0.0894239 -0.0624613 -0.1610002 -0.0523068 -0.0893743 -0.0646836 -0.0657252 -0.0391962 -0.1151934 -0.0539900 -0.1462537
0.1042895 0.1056007 0.8806376 0.1032557 0.1590249 0.1497603 0.1700942 0.1599733 0.1127622 0.1122896 0.1161883 0.1172698 0.1130903 0.1096624 0.1010918 0.1031949 -0.0210091 0.0028090 0.0130011 -0.0020239 -0.0068650 0.0211671 0.0004982 -0.0035016 0.0162280 0.0107999 0.0208824 0.0076714 0.0069369 0.0069142 0.0194713 0.0012982 0.0164312 0.0198596 0.0038934 0.0231785 0.0139213 0.0103481 0.0193830 0.0178381 0.0058822 -0.0038783 -0.0027774 -0.0004109 0.0180279 0.0120170 -0.0060615 -0.0175736 -0.0724595 -0.0183160 -0.0324043 -0.0457771 -0.0357366 -0.0222781 -0.0361656 -0.0373883 -0.0564818 -0.0460549 -0.0252419 -0.0366295 -0.0273849 -0.0421562 -0.0421787 -0.0186070 -0.0371387 -0.0203765 -0.0431183 -0.0170297 -0.0494976 -0.0018957 -0.0450629 -0.0648718 -0.0580883 -0.0211496 -0.0371441 -0.0351169 -0.0463996 -0.0684253 -0.0419503 -0.1335112 -0.1437906 -0.0597551 -0.0492597 -0.0422860 -0.0910939 -0.0632578 -0.1663617 -0.0648831 -0.0929440 -0.0657305 -0.0665642 -0.0423176 -0.1230594 -0.0566914 -0.1561647
0.1324008 0.1419643 0.1032557 0.8933952 0.1052580 0.1039654 0.1023687 0.1111066 0.1048298 0.0989322 0.1069316 0.1073473 0.0988323 0.1001149 0.0908630 0.0944870 -0.0251986 0.0020025 0.0092960 -0.0008585 -0.0117654 0.0193366 0.0004826 -0.0001431 0.0179913 0.0103719 0.0187643 0.0072875 0.0082529 0.0040731 0.0160591 0.0011859 0.0159095 0.0189248 0.0027316 0.0175480 0.0103391 0.0162518 0.0198506 0.0148498 0.0019264 -0.0048612 0.0055224 0.0028296 0.0181093 0.0075954 -0.0069484 -0.0096291 -0.0632896 -0.0111022 -0.0275299 -0.0435651 -0.0307945 -0.0205546 -0.0298552 -0.0365539 -0.0519224 -0.0380240 -0.0147476 -0.0286532 -0.0215571 -0.0330407 -0.0330135 -0.0088971 -0.0266348 -0.0174749 -0.0442635 -0.0079612 -0.0480582 0.0046199 -0.0431689 -0.0614686 -0.0555926 -0.0184606 -0.0348836 -0.0319235 -0.0418943 -0.0587222 -0.0374663 -0.1248681 -0.1309657 -0.0579552 -0.0443309 -0.0348537 -0.0870939 -0.0633938 -0.1611820 -0.0535963 -0.0867645 -0.0516429 -0.0509089 -0.0356846 -0.1149676 -0.0534717 -0.1434546
0.1102327 0.1114611 0.1590249 0.1052580 0.8981683 0.1697718 0.1736331 0.1711509 0.1175211 0.1149856 0.1197859 0.1227196 0.1154849 0.1141601 0.1006730 0.1069544 -0.0238741 0.0113279 0.0143831 0.0065109 -0.0028605 0.0289244 0.0076606 0.0031102 0.0188491 0.0095877 0.0200360 0.0022708 0.0049499 0.0020764 0.0174267 -0.0009092 0.0135870 0.0196433 -0.0025311 0.0207524 0.0082335 0.0113125 0.0217985 0.0132454 0.0076200 -0.0068159 -0.0049285 0.0009432 0.0176906 0.0059763 -0.0074273 -0.0197166 -0.0693007 -0.0160357 -0.0361123 -0.0439813 -0.0380898 -0.0227145 -0.0384068 -0.0401093 -0.0592846 -0.0471653 -0.0239025 -0.0429790 -0.0267914 -0.0377867 -0.0408388 -0.0172878 -0.0319906 -0.0187580 -0.0469721 -0.0198464 -0.0533683 0.0023495 -0.0488561 -0.0710726 -0.0629498 -0.0206521 -0.0380306 -0.0364447 -0.0489235 -0.0692234 -0.0429251 -0.1358755 -0.1475172 -0.0634448 -0.0547934 -0.0442210 -0.0923531 -0.0657133 -0.1675159 -0.0628481 -0.0925409 -0.0599493 -0.0608977 -0.0415145 -0.1227302 -0.0645049 -0.1537941
0.1031101 0.1100231 0.1497603 0.1039654 0.1697718 0.8855690 0.1648320 0.1627626 0.1149719 0.1122543 0.1165437 0.1218380 0.1111298 0.1111331 0.0997949 0.1063116 -0.0205578 0.0051160 0.0123441 0.0002556 -0.0063262 0.0207218 0.0025555 -0.0007588 0.0233777 0.0150607 0.0218776 0.0060456 0.0101556 0.0083117 0.0155770 0.0029651 0.0181172 0.0185028 -0.0022692 0.0196480 0.0055105 0.0076588 0.0142320 0.0145253 0.0081388 -0.0043036 -0.0012999 0.0003223 0.0176858 0.0090530 -0.0039330 -0.0263295 -0.0697144 -0.0201767 -0.0417516 -0.0406302 -0.0411607 -0.0193695 -0.0380756 -0.0356964 -0.0638867 -0.0473718 -0.0290590 -0.0405409 -0.0294387 -0.0448175 -0.0464839 -0.0154851 -0.0346387 -0.0130108 -0.0431030 -0.0249612 -0.0443532 0.0028642 -0.0463560 -0.0662480 -0.0600926 -0.0212175 -0.0387036 -0.0334571 -0.0449339 -0.0731079 -0.0413847 -0.1302782 -0.1424052 -0.0573008 -0.0475983 -0.0407421 -0.0896012 -0.0592978 -0.1635586 -0.0632750 -0.0901551 -0.0787644 -0.0794365 -0.0411722 -0.1178505 -0.0607674 -0.1512191
0.1054446 0.1111878 0.1700942 0.1023687 0.1736331 0.1648320 0.8785484 0.1781596 0.1161957 0.1151766 0.1193383 0.1238635 0.1131769 0.1157888 0.0981251 0.1075282 -0.0303424 0.0034121 0.0119695 0.0026709 -0.0104616 0.0196745 0.0002697 -0.0083898 0.0193396 0.0117818 0.0197825 0.0054448 0.0067023 0.0078064 0.0181896 0.0014273 0.0170517 0.0212746 0.0016881 0.0213597 0.0063406 0.0124839 0.0203486 0.0195884 0.0060363 -0.0085956 -0.0018057 0.0002458 0.0148600 0.0053858 -0.0077598 -0.0193530 -0.0704577 -0.0168131 -0.0376557 -0.0464091 -0.0395409 -0.0222257 -0.0400458 -0.0375903 -0.0585652 -0.0489010 -0.0298132 -0.0473922 -0.0337693 -0.0449414 -0.0474989 -0.0143206 -0.0301067 -0.0134488 -0.0419596 -0.0188479 -0.0494798 0.0043156 -0.0467725 -0.0704369 -0.0622475 -0.0224393 -0.0391281 -0.0348095 -0.0503649 -0.0686225 -0.0442356 -0.1361931 -0.1464106 -0.0617921 -0.0493576 -0.0459635 -0.0921776 -0.0649673 -0.1747920 -0.0656895 -0.0939299 -0.0616703 -0.0624705 -0.0421566 -0.1266053 -0.0643535 -0.1609009
0.1137633 0.1153746 0.1599733 0.1111066 0.1711509 0.1627626 0.1781596 0.8955992 0.1224748 0.1174863 0.1241523 0.1311789 0.1164870 0.1198879 0.1054756 0.1087166 -0.0234212 0.0054166 0.0177330 0.0033932 -0.0053632 0.0264684 0.0053578 -0.0048149 0.0194844 0.0135466 0.0186598 0.0038211 0.0053170 0.0032824 0.0166730 0.0013530 0.0170197 0.0202130 -0.0003603 0.0217901 0.0078835 0.0124569 0.0201480 0.0165562 0.0070369 -0.0091933 -0.0020588 0.0022648 0.0141674 0.0088777 -0.0088332 -0.0202632 -0.0712516 -0.0168951 -0.0413310 -0.0407974 -0.0417666 -0.0211482 -0.0375095 -0.0385562 -0.0623869 -0.0523981 -0.0344475 -0.0436330 -0.0351769 -0.0504747 -0.0525285 -0.0193941 -0.0347189 -0.0144599 -0.0458426 -0.0205610 -0.0481667 0.0019583 -0.0467527 -0.0686426 -0.0626685 -0.0197021 -0.0425111 -0.0359286 -0.0493266 -0.0719696 -0.0442700 -0.1355777 -0.1454758 -0.0646371 -0.0494796 -0.0449297 -0.0889966 -0.0662838 -0.1711142 -0.0609356 -0.0946009 -0.0653675 -0.0668850 -0.0416484 -0.1252611 -0.0600444 -0.1554880
0.1062534 0.1088346 0.1127622 0.1048298 0.1175211 0.1149719 0.1161957 0.1224748 0.9000860 0.1577654 0.1703306 0.1649975 0.1599492 0.1544828 0.1079469 0.1151270 -0.0199842 0.0104596 0.0162135 0.0100479 -0.0029749 0.0236791 0.0093259 0.0024178 0.0215545 0.0074447 0.0196352 0.0068103 0.0076757 0.0051987 0.0154171 0.0035428 0.0146265 0.0176360 -0.0029066 0.0191093 0.0076173 0.0092411 0.0149113 0.0127812 0.0060393 -0.0134097 -0.0071462 0.0074971 0.0201121 0.0087715 -0.0021356 -0.0253009 -0.0688688 -0.0195379 -0.0369793 -0.0483879 -0.0441761 -0.0204318 -0.0319414 -0.0358975 -0.0625859 -0.0447503 -0.0354944 -0.0405413 -0.0398551 -0.0528269 -0.0532956 -0.0192806 -0.0362712 -0.0112662 -0.0416015 -0.0243614 -0.0458295 0.0034199 -0.0434716 -0.0652689 -0.0542589 -0.0244976 -0.0432269 -0.0370072 -0.0545331 -0.0712260 -0.0430688 -0.1303148 -0.1345531 -0.0586286 -0.0544003 -0.0417730 -0.0915496 -0.0659662 -0.1592557 -0.0593563 -0.0928153 -0.0833418 -0.0831070 -0.0398770 -0.1217412 -0.0567702 -0.1531160
0.1038311 0.1071835 0.1122896 0.0989322 0.1149856 0.1122543 0.1151766 0.1174863 0.1577654 0.8943711 0.1557543 0.1604216 0.1713796 0.1541661 0.1008011 0.1087481 -0.0199326 0.0113402 0.0149607 0.0128371 -0.0006914 0.0258802 0.0103123 0.0062830 0.0161512 0.0080087 0.0152101 0.0056846 0.0050224 0.0004620 0.0107772 -0.0010313 0.0129665 0.0168525 -0.0012366 0.0186375 0.0029252 0.0077116 0.0172234 0.0139546 0.0018024 -0.0119968 -0.0057574 0.0064807 0.0168644 0.0037226 -0.0068115 -0.0214402 -0.0701038 -0.0165482 -0.0364717 -0.0413454 -0.0403710 -0.0178342 -0.0382392 -0.0344750 -0.0603861 -0.0470704 -0.0332458 -0.0411332 -0.0371011 -0.0504993 -0.0522946 -0.0201101 -0.0325284 -0.0151361 -0.0443954 -0.0209114 -0.0490702 -0.0026277 -0.0484943 -0.0650954 -0.0549272 -0.0242413 -0.0432534 -0.0368366 -0.0504512 -0.0680915 -0.0420657 -0.1255589 -0.1361202 -0.0607793 -0.0511504 -0.0414366 -0.0918982 -0.0628234 -0.1555444 -0.0620604 -0.0900134 -0.0712313 -0.0705325 -0.0406991 -0.1157431 -0.0601981 -0.1454700
0.1065377 0.1120137 0.1161883 0.1069316 0.1197859 0.1165437 0.1193383 0.1241523 0.1703306 0.1557543 0.9258770 0.1772205 0.1612775 0.1592291 0.1097202 0.1121779 -0.0134180 0.0185509 0.0283130 0.0183818 0.0072647 0.0354708 0.0176596 0.0098696 0.0136819 0.0038002 0.0129272 0.0024093 0.0046762 -0.0023450 0.0106240 -0.0074998 0.0096884 0.0163688 -0.0045203 0.0167775 0.0058738 0.0074097 0.0153614 0.0098550 0.0033844 -0.0134615 -0.0055782 0.0047458 0.0183140 0.0036709 -0.0100401 -0.0222233 -0.0668667 -0.0192844 -0.0331355 -0.0476551 -0.0390783 -0.0241510 -0.0378572 -0.0371098 -0.0631421 -0.0445203 -0.0321801 -0.0383720 -0.0416676 -0.0556541 -0.0567295 -0.0188256 -0.0370126 -0.0186507 -0.0468724 -0.0212319 -0.0544397 -0.0058257 -0.0507599 -0.0702532 -0.0569999 -0.0238049 -0.0408723 -0.0403068 -0.0530487 -0.0660860 -0.0452168 -0.1262827 -0.1360792 -0.0670793 -0.0511886 -0.0451369 -0.0951781 -0.0696695 -0.1538614 -0.0610685 -0.0930341 -0.0606740 -0.0602530 -0.0378416 -0.1182434 -0.0592124 -0.1466561
0.1139117 0.1144996 0.1172698 0.1073473 0.1227196 0.1218380 0.1238635 0.1311789 0.1649975 0.1604216 0.1772205 0.9138322 0.1670128 0.1622821 0.1056911 0.1180684 -0.0174031 0.0173794 0.0222093 0.0137979 0.0009310 0.0330410 0.0144764 0.0057278 0.0153607 0.0037596 0.0159979 0.0026319 0.0032294 -0.0014401 0.0107957 -0.0032738 0.0111981 0.0166973 0.0003785 0.0199901 0.0066751 0.0054092 0.0153713 0.0095640 0.0050908 -0.0134195 -0.0029694 0.0037470 0.0195704 0.0025884 -0.0061372 -0.0269444 -0.0730285 -0.0215404 -0.0384160 -0.0456865 -0.0407308 -0.0194057 -0.0378430 -0.0388542 -0.0638636 -0.0424760 -0.0374786 -0.0445326 -0.0465693 -0.0594465 -0.0604735 -0.0218303 -0.0363166 -0.0164032 -0.0426530 -0.0255256 -0.0502904 -0.0003868 -0.0453113 -0.0696488 -0.0578865 -0.0295702 -0.0475924 -0.0376357 -0.0541188 -0.0728704 -0.0437725 -0.1266593 -0.1367611 -0.0652103 -0.0522616 -0.0483267 -0.0967049 -0.0681408 -0.1540513 -0.0643128 -0.0927364 -0.0735406 -0.0737640 -0.0438169 -0.1161942 -0.0627578 -0.1509695
0.1014565 0.1089127 0.1130903 0.0988323 0.1154849 0.1111298 0.1131769 0.1164870 0.1599492 0.1713796 0.1612775 0.1670128 0.8960357 0.1615963 0.1042920 0.1095551 -0.0262285 0.0098949 0.0146188 0.0069573 -0.0055821 0.0247681 0.0074382 0.0003976 0.0167431 0.0081732 0.0216539 0.0055479 0.0077853 0.0032901 0.0144871 0.0012087 0.0169611 0.0182939 -0.0033662 0.0197586 0.0088027 0.0126416 0.0210245 0.0123873 0.0029690 -0.0111961 -0.0026346 0.0089873 0.0168067 0.0066050 -0.0028551 -0.0258088 -0.0712006 -0.0168864 -0.0399795 -0.0406181 -0.0373550 -0.0240314 -0.0342044 -0.0384078 -0.0619256 -0.0448628 -0.0282843 -0.0413592 -0.0318791 -0.0482443 -0.0489151 -0.0219166 -0.0322570 -0.0135113 -0.0455130 -0.0233601 -0.0491395 0.0007979 -0.0468416 -0.0654577 -0.0601686 -0.0225335 -0.0420515 -0.0338350 -0.0502321 -0.0687882 -0.0420162 -0.1332901 -0.1395699 -0.0631248 -0.0552830 -0.0408227 -0.0948286 -0.0668820 -0.1632439 -0.0627265 -0.0929144 -0.0770580 -0.0763985 -0.0413595 -0.1232699 -0.0583812 -0.1548107
0.1007676 0.1047145 0.1096624 0.1001149 0.1141601 0.1111331 0.1157888 0.1198879 0.1544828 0.1541661 0.1592291 0.1622821 0.1615963 0.9053569 0.1047977 0.1031401 -0.0166677 0.0138839 0.0213125 0.0094082 -0.0009443 0.0307623 0.0106038 0.0070043 0.0180379 0.0016560 0.0134139 0.0038208 0.0060311 -0.0017480 0.0085186 -0.0044597 0.0084185 0.0172032 -0.0023095 0.0174620 0.0077755 0.0077222 0.0152924 0.0143862 0.0021404 -0.0112694 -0.0020567 0.0048694 0.0154102 0.0050548 -0.0057915 -0.0185392 -0.0682870 -0.0184960 -0.0365219 -0.0441107 -0.0396439 -0.0242717 -0.0358196 -0.0345405 -0.0630000 -0.0450285 -0.0304819 -0.0407048 -0.0369688 -0.0518726 -0.0524533 -0.0170734 -0.0331705 -0.0182341 -0.0458443 -0.0175567 -0.0491937 -0.0031941 -0.0490971 -0.0696193 -0.0571254 -0.0225918 -0.0403296 -0.0340569 -0.0480888 -0.0660374 -0.0429678 -0.1283775 -0.1352489 -0.0665065 -0.0525275 -0.0437043 -0.0945516 -0.0662208 -0.1568871 -0.0623887 -0.0920949 -0.0631471 -0.0629350 -0.0378300 -0.1188228 -0.0525013 -0.1489807
0.0930004 0.0946037 0.1010918 0.0908630 0.1006730 0.0997949 0.0981251 0.1054756 0.1079469 0.1008011 0.1097202 0.1056911 0.1042920 0.1047977 0.8786241 0.0964692 -0.0217366 0.0017171 0.0074685 -0.0055254 -0.0102552 0.0199373 -0.0016301 -0.0049733 0.0187181 0.0131010 0.0230573 0.0082456 0.0112011 0.0092112 0.0199887 0.0036738 0.0172124 0.0176818 0.0071575 0.0186859 0.0097835 0.0162009 0.0184992 0.0173121 0.0056186 -0.0030202 0.0009397 0.0058225 0.0155837 0.0141488 -0.0061422 -0.0149807 -0.0633570 -0.0147654 -0.0291550 -0.0380395 -0.0344286 -0.0131711 -0.0252553 -0.0353496 -0.0497269 -0.0326372 -0.0173305 -0.0305689 -0.0218709 -0.0342352 -0.0370845 -0.0177225 -0.0283350 -0.0128424 -0.0356175 -0.0141991 -0.0417428 0.0030653 -0.0373472 -0.0543702 -0.0490124 -0.0215106 -0.0354069 -0.0304882 -0.0431397 -0.0627118 -0.0363493 -0.1159904 -0.1243208 -0.0473942 -0.0375422 -0.0330364 -0.0787815 -0.0560225 -0.1516997 -0.0515578 -0.0819931 -0.0703542 -0.0705201 -0.0381454 -0.1073967 -0.0517248 -0.1394811
0.0946312 0.0997411 0.1031949 0.0944870 0.1069544 0.1063116 0.1075282 0.1087166 0.1151270 0.1087481 0.1121779 0.1180684 0.1095551 0.1031401 0.0964692 0.8838247 -0.0269102 0.0016646 0.0060889 -0.0011830 -0.0102725 0.0150806 -0.0019127 -0.0038120 0.0239178 0.0186682 0.0249701 0.0103172 0.0147418 0.0108858 0.0223154 0.0129280 0.0251922 0.0168361 0.0073904 0.0250085 0.0100986 0.0155823 0.0198955 0.0155930 0.0108257 0.0003565 0.0044555 0.0026432 0.0151673 0.0167874 0.0010623 -0.0234227 -0.0643426 -0.0175931 -0.0322905 -0.0378715 -0.0377904 -0.0126132 -0.0286510 -0.0381538 -0.0540205 -0.0353562 -0.0218761 -0.0302051 -0.0208704 -0.0363708 -0.0378525 -0.0176781 -0.0287078 -0.0074597 -0.0353175 -0.0216587 -0.0426837 0.0040802 -0.0345972 -0.0564348 -0.0495451 -0.0174417 -0.0377246 -0.0226950 -0.0410841 -0.0677951 -0.0366347 -0.1185279 -0.1272973 -0.0468410 -0.0442505 -0.0369447 -0.0793496 -0.0569720 -0.1565539 -0.0542149 -0.0852444 -0.0862607 -0.0869701 -0.0372146 -0.0914863 -0.0549224 -0.1461876
-0.0198805 -0.0266628 -0.0210091 -0.0251986 -0.0238741 -0.0205578 -0.0303424 -0.0234212 -0.0199842 -0.0199326 -0.0134180 -0.0174031 -0.0262285 -0.0166677 -0.0217366 -0.0269102 1.1880782 0.1304471 0.1347720 0.1662238 0.1858532 0.1195927 0.1576849 0.1633695 -0.0725925 -0.0656674 -0.0678983 -0.0519000 -0.0753837 -0.0852366 -0.0964001 -0.0767761 -0.0907333 -0.0604216 -0.0491241 -0.0815213 -0.0630513 -0.0761437 -0.0747898 -0.0759995 -0.0076010 -0.0244129 -0.0908033 -0.0436848 -0.0421369 -0.0439586 -0.0309528 -0.1149574 0.0583732 -0.0402832 -0.0058085 0.0326261 -0.0408494 -0.0026911 -0.0175896 -0.0021809 0.0169572 -0.0033556 -0.0708209 -0.0028037 -0.0494737 -0.0476118 -0.0445610 -0.0635188 -0.0659221 -0.0519120 -0.0460711 -0.1123529 -0.0479844 -0.0698728 -0.0290834 0.0402963 0.0228954 -0.0046065 -0.0074266 -0.0056978 0.0223584 0.0114459 0.0146631 0.1357891 0.1429034 0.0088260 0.0099126 -0.0129361 0.0533998 0.0149924 0.2352629 0.0076362 0.0613659 -0.0905069 -0.0903948 -0.0425835 0.1621591 0.0100099 0.1816007
0.0070924 0.0080939 0.0028090 0.0020025 0.0113279 0.0051160 0.0034121 0.0054166 0.0104596 0.0113402 0.0185509 0.0173794 0.0098949 0.0138839 0.0017171 0.0016646 0.1304471 1.1057913 0.1332769 0.1498438 0.1479019 0.1277026 0.1457410 0.1312651 -0.0614896 -0.0656182 -0.0593207 -0.0586972 -0.0628733 -0.0817275 -0.0831402 -0.0742466 -0.0727450 -0.0445315 -0.0574235 -0.0735563 -0.0567145 -0.0658108 -0.0615439 -0.0677766 -0.0187413 -0.0495059 -0.0661318 -0.0337924 -0.0272037 -0.0550182 -0.0460612 -0.0784010 0.0237105 -0.0328691 -0.0028191 -0.0119046 -0.0280108 -0.0144831 -0.0475621 -0.0124695 -0.0085586 -0.0063332 -0.0587700 -0.0143356 -0.0551548 -0.0523495 -0.0512109 -0.0486571 -0.0539179 -0.0618518 -0.0525917 -0.0778241 -0.0679669 -0.0624738 -0.0471171 0.0089431 -0.0007256 -0.0107677 -0.0142401 -0.0030695 -0.0023504 0.0175297 0.0077330 0.0806995 0.0789531 -0.0180387 -0.0068914 -0.0223316 0.0210840 0.0075804 0.1604590 -0.0121561 0.0301947 -0.0219968 -0.0211942 -0.0231597 0.1143417 -0.0261912 0.1306422
0.0093729 0.0117520 0.0130011 0.0092960 0.0143831 0.0123441 0.0119695 0.0177330 0.0162135 0.0149607 0.0283130 0.0222093 0.0146188 0.0213125 0.0074685 0.0060889 0.1347720 0.1332769 1.1165340 0.1500999 0.1622705 0.1349581 0.1437234 0.1365782 -0.0636910 -0.0577497 -0.0538856 -0.0594620 -0.0677559 -0.0849679 -0.0820678 -0.0776916 -0.0731273 -0.0430866 -0.0617169 -0.0653379 -0.0610533 -0.0669909 -0.0625116 -0.0586883 -0.0243659 -0.0490688 -0.0726102 -0.0382429 -0.0155891 -0.0536856 -0.0520442 -0.0720063 0.0311758 -0.0255810 -0.0028686 -0.0126213 -0.0166615 -0.0185330 -0.0404945 -0.0017159 -0.0182031 -0.0146656 -0.0593642 -0.0101561 -0.0542700 -0.0469091 -0.0446189 -0.0414133 -0.0574556 -0.0638948 -0.0555686 -0.0709641 -0.0781435 -0.0619020 -0.0590455 -0.0119174 -0.0059754 -0.0085778 -0.0183758 -0.0156281 -0.0013373 0.0069557 -0.0029702 0.0797555 0.0827160 -0.0348982 -0.0085055 -0.0362700 0.0090615 -0.0032503 0.1517795 -0.0123669 0.0058811 -0.0127344 -0.0131936 -0.0279721 0.1051715 -0.0284860 0.1140694
0.0039732 0.0048932 -0.0020239 -0.0008585 0.0065109 0.0002556 0.0026709 0.0033932 0.0100479 0.0128371 0.0183818 0.0137979 0.0069573 0.0094082 -0.0055254 -0.0011830 0.1662238 0.1498438 0.1500999 1.1986758 0.1710620 0.1751193 0.1997592 0.1574002 -0.0853434 -0.0725940 -0.0760718 -0.0760015 -0.0883628 -0.1057213 -0.1090772 -0.1012167 -0.0873913 -0.0494799 -0.0699943 -0.0843924 -0.0608933 -0.0786018 -0.0709585 -0.0788066 -0.0417386 -0.0629757 -0.0862876 -0.0494698 -0.0343051 -0.0766496 -0.0704454 -0.0583471 0.0398019 -0.0200753 0.0143378 -0.0009088 0.0081116 -0.0307464 -0.0488851 -0.0259362 -0.0088354 -0.0001577 -0.0427421 -0.0017018 -0.0357755 -0.0233097 -0.0213121 -0.0551643 -0.0540577 -0.0903198 -0.0716510 -0.0595123 -0.1031920 -0.0721512 -0.0713503 -0.0192397 -0.0049640 0.0075722 -0.0012538 -0.0303408 -0.0043399 0.0243408 0.0003592 0.0914811 0.0684993 -0.0453248 -0.0453773 -0.0228716 -0.0085283 -0.0073459 0.1898252 -0.0011335 0.0419274 0.0430900 0.0451029 -0.0266875 0.1303408 -0.0625466 0.1555764
-0.0016540 -0.0096715 -0.0068650 -0.0117654 -0.0028605 -0.0063262 -0.0104616 -0.0053632 -0.0029749 -0.0006914 0.0072647 0.0009310 -0.0055821 -0.0009443 -0.0102552 -0.0102725 0.1858532 0.1479019 0.1622705 0.1710620 1.2179173 0.1612446 0.1834107 0.1737798 -0.0823718 -0.0693484 -0.0650979 -0.0714990 -0.0842805 -0.1051790 -0.0980792 -0.0925008 -0.0965454 -0.0591857 -0.0696036 -0.0892748 -0.0812882 -0.0814522 -0.0780588 -0.0782577 -0.0199086 -0.0518309 -0.0921956 -0.0478075 -0.0364473 -0.0629397 -0.0543427 -0.1073112 0.0537800 -0.0271018 -0.0079609 0.0233729 -0.0165006 -0.0272716 -0.0481726 -0.0093199 -0.0031242 -0.0171157 -0.0727677 -0.0113691 -0.0594637 -0.0424524 -0.0423060 -0.0533630 -0.0665775 -0.0741501 -0.0587031 -0.1088429 -0.0746095 -0.0721208 -0.0446912 0.0186894 0.0087124 -0.0055616 -0.0068973 -0.0261747 0.0113991 0.0356168 0.0003617 0.1203926 0.1234610 -0.0181878 -0.0135370 -0.0153321 0.0290965 -0.0004944 0.2334858 0.0033987 0.0586819 -0.0350932 -0.0351279 -0.0204531 0.1610413 -0.0050510 0.1748399
0.0265842 0.0215288 0.0211671 0.0193366 0.0289244 0.0207218 0.0196745 0.0264684 0.0236791 0.0258802 0.0354708 0.0330410 0.0247681 0.0307623 0.0199373 0.0150806 0.1195927 0.1277026 0.1349581 0.1751193 0.1612446 1.1455442 0.1699853 0.1589158 -0.0841407 -0.0592087 -0.0661488 -0.0621660 -0.0796518 -0.0994821 -0.0954109 -0.0917554 -0.0775482 -0.0409137 -0.0632829 -0.0746184 -0.0641447 -0.0635819 -0.0664675 -0.0635584 -0.0340338 -0.0615986 -0.0728540 -0.0446422 -0.0284495 -0.0697256 -0.0651708 -0.0563974 0.0220827 -0.0277392 0.0129582 -0.0104193 0.0090822 -0.0367114 -0.0547279 -0.0271222 -0.0229855 -0.0058453 -0.0244921 -0.0044160 -0.0279377 -0.0028969 -0.0010441 -0.0461159 -0.0680142 -0.0949832 -0.0848934 -0.0562919 -0.1086004 -0.0683763 -0.0862582 -0.0284300 -0.0156340 -0.0062975 -0.0128320 -0.0270612 -0.0031999 0.0309205 0.0189103 0.0573512 0.0418655 -0.0542516 -0.0472493 -0.0218084 -0.0211001 -0.0141751 0.1348951 -0.0148062 0.0098222 0.0402295 0.0429069 -0.0339118 0.0916206 -0.0580638 0.1105678
0.0028348 0.0029249 0.0004982 0.0004826 0.0076606 0.0025555 0.0002697 0.0053578 0.0093259 0.0103123 0.0176596 0.0144764 0.0074382 0.0106038 -0.0016301 -0.0019127 0.1576849 0.1457410 0.1437234 0.1997592 0.1834107 0.1699853 1.1749464 0.1669377 -0.0810907 -0.0718695 -0.0736372 -0.0733739 -0.0829652 -0.1018577 -0.0957901 -0.0888928 -0.0863092 -0.0527220 -0.0672895 -0.0880601 -0.0741960 -0.0794514 -0.0768010 -0.0765053 -0.0219316 -0.0504474 -0.0851293 -0.0450208 -0.0379891 -0.0630199 -0.0606595 -0.0829402 0.0301464 -0.0256643 0.0097382 0.0080103 -0.0107922 -0.0246544 -0.0492596 -0.0150008 -0.0148595 0.0078439 -0.0415102 -0.0008954 -0.0404949 -0.0205892 -0.0173327 -0.0635445 -0.0703916 -0.0791563 -0.0742014 -0.0834901 -0.0921786 -0.0723555 -0.0707427 -0.0003573 -0.0073930 0.0039229 -0.0123573 -0.0236464 0.0077948 0.0171707 0.0115800 0.1061678 0.0887667 -0.0269600 -0.0274048 -0.0128505 0.0135235 0.0012794 0.1915334 0.0082332 0.0434096 -0.0131168 -0.0126659 -0.0345658 0.1347214 -0.0358513 0.1603068
0.0058924 -0.0030956 -0.0035016 -0.0001431 0.0031102 -0.0007588 -0.0083898 -0.0048149 0.0024178 0.0062830 0.0098696 0.0057278 0.0003976 0.0070043 -0.0049733 -0.0038120 0.1633695 0.1312651 0.1365782 0.1574002 0.1737798 0.1589158 0.1669377 1.1444703 -0.0728578 -0.0537355 -0.0683361 -0.0585167 -0.0750916 -0.0928324 -0.0925556 -0.0768447 -0.0826617 -0.0486715 -0.0670110 -0.0759577 -0.0608922 -0.0667277 -0.0643690 -0.0712098 -0.0198618 -0.0472609 -0.0801351 -0.0437185 -0.0282019 -0.0557639 -0.0474002 -0.0839436 0.0247466 -0.0287386 0.0097047 0.0119760 -0.0149937 -0.0241657 -0.0331242 -0.0187374 -0.0054244 -0.0041813 -0.0432815 -0.0148878 -0.0291613 -0.0150555 -0.0136455 -0.0585500 -0.0644034 -0.0825794 -0.0665896 -0.0838074 -0.0782826 -0.0609336 -0.0560019 0.0077806 0.0038953 -0.0087680 -0.0098848 -0.0115659 0.0134373 0.0258762 -0.0004531 0.0868279 0.0726053 -0.0307077 -0.0225070 -0.0218171 0.0169358 -0.0067501 0.1769909 -0.0114086 0.0235649 -0.0035300 -0.0034188 -0.0353745 0.1195670 -0.0311005 0.1377326
0.0158161 0.0171347 0.0162280 0.0179913 0.0188491 0.0233777 0.0193396 0.0194844 0.0215545 0.0161512 0.0136819 0.0153607 0.0167431 0.0180379 0.0187181 0.0239178 -0.0725925 -0.0614896 -0.0636910 -0.0853434 -0.0823718 -0.0841407 -0.0810907 -0.0728578 0.8535011 0.0353906 0.0448457 0.0605504 0.0756086 0.0946866 0.0936140 0.0745787 0.0423482 0.0250791 0.0295575 0.0466462 0.0322014 0.0315038 0.0262692 0.0395567 0.0131055 0.0197438 0.0311077 0.0197632 0.0191560 0.0369252 0.0222999 -0.0015147 -0.0451318 -0.0123320 -0.0335837 -0.0088155 -0.0341729 0.0075239 -0.0006960 -0.0027726 -0.0201819 -0.0200686 -0.0115761 -0.0161410 -0.0242851 -0.0412259 -0.0423203 0.0075478 0.0087076 0.0428500 0.0241197 0.0006572 0.0409073 0.0341151 0.0232024 -0.0104032 -0.0239914 -0.0141026 -0.0197875 0.0012494 -0.0234459 -0.0448626 -0.0305333 -0.0753723 -0.0855532 0.0029055 0.0054862 -0.0032426 -0.0331525 -0.0227711 -0.1339155 -0.0195283 -0.0458223 -0.0845495 -0.0863815 -0.0040161 -0.0972935 0.0038071 -0.1249737
0.0107584 0.0120918 0.0107999 0.0103719 0.0095877 0.0150607 0.0117818 0.0135466 0.0074447 0.0080087 0.0038002 0.0037596 0.0081732 0.0016560 0.0131010 0.0186682 -0.0656674 -0.0656182 -0.0577497 -0.0725940 -0.0693484 -0.0592087 -0.0718695 -0.0537355 0.0353906 0.8687106 0.0752869 0.0290606 0.0478298 0.0388952 0.0457332 0.0421349 0.0379259 0.0209609 0.0188328 0.0412442 0.0236936 0.0240953 0.0270808 0.0341980 0.0116135 0.0260923 0.0195592 0.0039619 0.0064643 0.0342589 0.0215702 0.0021099 -0.0427856 -0.0009327 -0.0143255 -0.0127903 -0.0068447 0.0100314 0.0120832 -0.0219112 -0.0114300 -0.0089634 0.0253878 0.0004923 0.0401351 0.0282256 0.0271606 0.0037831 0.0017705 0.0151337 -0.0030818 0.0021654 0.0050497 0.0222072 -0.0011219 -0.0184459 -0.0150344 -0.0033272 -0.0017063 -0.0014630 -0.0085518 -0.0418031 -0.0136526 -0.0699809 -0.0761276 0.0077244 -0.0123028 0.0061462 -0.0324759 -0.0091070 -0.1353536 -0.0171366 -0.0524722 -0.0704290 -0.0709958 -0.0083492 -0.0836499 -0.0148134 -0.1070988
0.0151470 0.0180380 0.0208824 0.0187643 0.0200360 0.0218776 0.0197825 0.0186598 0.0196352 0.0152101 0.0129272 0.0159979 0.0216539 0.0134139 0.0230573 0.0249701 -0.0678983 -0.0593207 -0.0538856 -0.0760718 -0.0650979 -0.0661488 -0.0736372 -0.0683361 0.0448457 0.0752869 0.8606369 0.0378136 0.0436961 0.0527581 0.0479127 0.0529036 0.0346232 0.0216483 0.0221810 0.0357007 0.0312646 0.0247955 0.0260469 0.0356442 0.0137937 0.0227365 0.0245793 0.0139639 0.0115558 0.0300065 0.0237988 -0.0000852 -0.0472104 -0.0065141 -0.0303519 -0.0082262 -0.0227734 0.0008516 0.0022626 -0.0196088 -0.0179974 -0.0099793 0.0075357 0.0001491 0.0108387 -0.0009307 -0.0023643 0.0117896 0.0089374 0.0198619 0.0095099 -0.0004990 0.0176400 0.0294976 0.0151905 -0.0156379 -0.0274307 -0.0077677 -0.0078271 0.0004383 -0.0182948 -0.0455767 -0.0204673 -0.0847617 -0.0856508 0.0063581 -0.0065880 -0.0030389 -0.0282771 -0.0174456 -0.1297838 -0.0232230 -0.0494272 -0.0825055 -0.0843389 -0.0099938 -0.0886356 -0.0035577 -0.1120238
-0.0000255 0.0032766 0.0076714 0.0072875 0.0022708 0.0060456 0.0054448 0.0038211 0.0068103 0.0056846 0.0024093 0.0026319 0.0055479 0.0038208 0.0082456 0.0103172 -0.0519000 -0.0586972 -0.0594620 -0.0760015 -0.0714990 -0.0621660 -0.0733739 -0.0585167 0.0605504 0.0290606 0.0378136 0.8778718 0.0782460 0.0601055 0.0538729 0.0741030 0.0229457 0.0180003 0.0182502 0.0388818 0.0301258 0.0238024 0.0240670 0.0183009 0.0262176 0.0312217 0.0248624 0.0098668 0.0078083 0.0436312 0.0393838 -0.0001654 -0.0469296 -0.0138710 -0.0124703 -0.0024339 -0.0141298 0.0197441 0.0066410 -0.0233979 -0.0063441 -0.0124880 0.0169288 -0.0066982 0.0222532 0.0149121 0.0144978 0.0035079 0.0006550 0.0208371 -0.0001345 0.0008898 0.0191028 0.0279751 0.0071430 -0.0012303 -0.0059167 -0.0113734 -0.0088697 0.0050882 -0.0113572 -0.0456330 -0.0221448 -0.0692351 -0.0674765 0.0100581 -0.0020581 0.0011396 -0.0299770 -0.0120959 -0.1114919 -0.0179740 -0.0569065 -0.0947537 -0.0957604 -0.0207394 -0.0850492 -0.0061511 -0.1034233
0.0043746 0.0070641 0.0069369 0.0082529 0.0049499 0.0101556 0.0067023 0.0053170 0.0076757 0.0050224 0.0046762 0.0032294 0.0077853 0.0060311 0.0112011 0.0147418 -0.0753837 -0.0628733 -0.0677559 -0.0883628 -0.0842805 -0.0796518 -0.0829652 -0.0750916 0.0756086 0.0478298 0.0436961 0.0782460 0.8747681 0.0733292 0.0637324 0.0848801 0.0317198 0.0235325 0.0232502 0.0383385 0.0273360 0.0306823 0.0293860 0.0286439 0.0167136 0.0164376 0.0260374 0.0115551 0.0076530 0.0339595 0.0222281 0.0055998 -0.0293309 -0.0100255 -0.0175463 -0.0215927 -0.0131379 0.0144802 0.0060577 -0.0161123 -0.0107003 -0.0047097 0.0146275 -0.0059805 0.0227071 0.0105184 0.0097954 0.0138850 0.0058579 0.0303945 0.0109233 0.0043025 0.0204735 0.0312234 0.0138443 -0.0078225 -0.0172504 -0.0077585 -0.0092804 0.0011195 -0.0139917 -0.0438575 -0.0162529 -0.0740818 -0.0740339 0.0110931 -0.0082479 0.0024771 -0.0331933 -0.0226071 -0.1304674 -0.0256834 -0.0482265 -0.0747899 -0.0752664 -0.0124408 -0.0931680 -0.0056693 -0.1120364
-0.0004168 0.0033680 0.0069142 0.0040731 0.0020764 0.0083117 0.0078064 0.0032824 0.0051987 0.0004620 -0.0023450 -0.0014401 0.0032901 -0.0017480 0.0092112 0.0108858 -0.0852366 -0.0817275 -0.0849679 -0.1057213 -0.1051790 -0.0994821 -0.1018577 -0.0928324 0.0946866 0.0388952 0.0527581 0.0601055 0.0733292 0.8729361 0.0954213 0.0769357 0.0345422 0.0283593 0.0317306 0.0461238 0.0374995 0.0466510 0.0296219 0.0425761 0.0146516 0.0285071 0.0418839 0.0221297 0.0185990 0.0399151 0.0327272 0.0234278 -0.0416245 -0.0094030 -0.0288246 -0.0066967 -0.0177975 0.0120353 0.0197120 -0.0110574 -0.0171094 -0.0122873 0.0014237 -0.0123970 0.0059415 -0.0099972 -0.0099915 0.0201100 0.0123426 0.0427537 0.0266216 0.0240848 0.0470026 0.0444718 0.0288185 -0.0092532 -0.0116641 -0.0153324 -0.0194632 0.0140066 -0.0233938 -0.0431097 -0.0212764 -0.0806981 -0.0804046 0.0171393 0.0061490 -0.0015521 -0.0238705 -0.0107551 -0.1455085 -0.0170941 -0.0494179 -0.0732126 -0.0739718 -0.0030080 -0.0985443 0.0061052 -0.1254192
0.0139479 0.0153732 0.0194713 0.0160591 0.0174267 0.0155770 0.0181896 0.0166730 0.0154171 0.0107772 0.0106240 0.0107957 0.0144871 0.0085186 0.0199887 0.0223154 -0.0964001 -0.0831402 -0.0820678 -0.1090772 -0.0980792 -0.0954109 -0.0957901 -0.0925556 0.0936140 0.0457332 0.0479127 0.0538729 0.0637324 0.0954213 0.8605393 0.0722756 0.0448301 0.0318214 0.0312596 0.0528033 0.0414257 0.0454866 0.0395143 0.0442010 0.0189496 0.0241854 0.0432157 0.0200365 0.0186288 0.0474304 0.0290956 0.0221083 -0.0552304 0.0000879 -0.0262891 -0.0036147 -0.0174678 0.0104461 0.0163369 -0.0085101 -0.0250503 -0.0179267 0.0141449 -0.0139172 -0.0014004 -0.0177334 -0.0179566 0.0101522 0.0155373 0.0402094 0.0218189 0.0225234 0.0385783 0.0493761 0.0206568 -0.0203809 -0.0194094 -0.0076032 -0.0100864 -0.0013952 -0.0241088 -0.0492836 -0.0266241 -0.0924876 -0.0989956 0.0037665 -0.0017422 0.0007828 -0.0384542 -0.0214116 -0.1587295 -0.0209092 -0.0565343 -0.0674750 -0.0684332 -0.0034842 -0.1176448 0.0104589 -0.1417953
-0.0022747 0.0030434 0.0012982 0.0011859 -0.0009092 0.0029651 0.0014273 0.0013530 0.0035428 -0.0010313 -0.0074998 -0.0032738 0.0012087 -0.0044597 0.0036738 0.0129280 -0.0767761 -0.0742466 -0.0776916 -0.1012167 -0.0925008 -0.0917554 -0.0888928 -0.0768447 0.0745787 0.0421349 0.0529036 0.0741030 0.0848801 0.0769357 0.0722756 0.8813203 0.0400888 0.0199072 0.0223000 0.0490149 0.0341253 0.0294550 0.0327654 0.0288760 0.0180372 0.0331855 0.0245184 0.0148334 0.0096620 0.0478332 0.0366852 -0.0084544 -0.0427208 -0.0084276 -0.0296377 0.0060284 -0.0302351 0.0240867 0.0174754 -0.0074760 -0.0112403 -0.0030261 0.0016815 0.0021539 0.0135952 0.0070251 0.0060316 0.0011472 0.0015911 0.0387347 0.0307860 -0.0071760 0.0426289 0.0368630 0.0379512 0.0062331 -0.0098131 -0.0146663 -0.0148621 0.0184060 -0.0059171 -0.0475810 -0.0216739 -0.0628061 -0.0633159 0.0240195 -0.0001165 0.0033200 -0.0188496 -0.0102222 -0.1139164 -0.0229179 -0.0410509 -0.1267762 -0.1281187 -0.0130474 -0.0762794 0.0193240 -0.1075763
0.0126308 0.0120667 0.0164312 0.0159095 0.0135870 0.0181172 0.0170517 0.0170197 0.0146265 0.0129665 0.0096884 0.0111981 0.0169611 0.0084185 0.0172124 0.0251922 -0.0907333 -0.0727450 -0.0731273 -0.0873913 -0.0965454 -0.0775482 -0.0863092 -0.0826617 0.0423482 0.0379259 0.0346232 0.0229457 0.0317198 0.0345422 0.0448301 0.0400888 0.8546253 0.0290225 0.0326624 0.0532804 0.0306324 0.0460783 0.0452220 0.0476646 0.0094585 0.0241324 0.0389216 0.0178304 0.0169400 0.0257230 0.0178256 0.0321812 -0.0463967 0.0106616 -0.0147010 -0.0192375 -0.0072172 0.0037265 0.0081785 -0.0125873 -0.0160692 -0.0130309 0.0284951 -0.0103740 0.0214124 0.0130329 0.0120324 0.0177646 0.0160719 0.0257267 0.0128296 0.0310308 0.0173348 0.0321380 0.0059577 -0.0235093 -0.0253822 -0.0022256 -0.0071529 -0.0025545 -0.0176641 -0.0373133 -0.0208302 -0.0860738 -0.0901651 -0.0037555 -0.0114131 -0.0028407 -0.0392136 -0.0136366 -0.1552339 -0.0147983 -0.0503108 -0.0375097 -0.0378204 -0.0062280 -0.1120226 -0.0166851 -0.1173898
0.0170403 0.0183085 0.0198596 0.0189248 0.0196433 0.0185028 0.0212746 0.0202130 0.0176360 0.0168525 0.0163688 0.0166973 0.0182939 0.0172032 0.0176818 0.0168361 -0.0604216 -0.0445315 -0.0430866 -0.0494799 -0.0591857 -0.0409137 -0.0527220 -0.0486715 0.0250791 0.0209609 0.0216483 0.0180003 0.0235325 0.0283593 0.0318214 0.0199072 0.0290225 0.9510458 0.0184454 0.0273499 0.0225936 0.0273028 0.0260590 0.0258913 0.0023840 0.0066323 0.0293750 0.0130152 0.0132412 0.0142932 0.0101899 0.0394771 -0.0246816 0.0089849 -0.0035377 -0.0166870 0.0052220 -0.0014029 0.0045195 -0.0039378 -0.0107394 -0.0072012 0.0143902 -0.0078980 0.0071441 0.0002017 -0.0005194 0.0199626 0.0206792 0.0166429 0.0085295 0.0397390 0.0123375 0.0223513 0.0037379 -0.0238350 -0.0135471 -0.0027478 -0.0038590 -0.0076717 -0.0181984 -0.0154508 -0.0112038 -0.0628350 -0.0677703 -0.0125476 -0.0072537 -0.0030783 -0.0269786 -0.0169662 -0.1047203 -0.0095915 -0.0298612 0.0307043 0.0302830 0.0048594 -0.0733756 -0.0079872 -0.0810986
0.0002684 0.0005016 0.0038934 0.0027316 -0.0025311 -0.0022692 0.0016881 -0.0003603 -0.0029066 -0.0012366 -0.0045203 0.0003785 -0.0033662 -0.0023095 0.0071575 0.0073904 -0.0491241 -0.0574235 -0.0617169 -0.0699943 -0.0696036 -0.0632829 -0.0672895 -0.0670110 0.0295575 0.0188328 0.0221810 0.0182502 0.0232502 0.0317306 0.0312596 0.0223000 0.0326624 0.0184454 0.8824160 0.0341756 0.0276770 0.0263335 0.0165363 0.0261833 0.0018785 0.0108097 0.0270008 0.0003910 0.0061983 0.0161868 0.0120600 0.0130273 -0.0251542 -0.0018381 -0.0092069 -0.0110565 -0.0083641 0.0077388 0.0068518 -0.0072035 0.0008262 -0.0001586 0.0090037 -0.0015357 0.0022845 -0.0072303 -0.0088403 0.0112545 0.0093089 0.0270943 0.0129102 0.0132191 0.0195555 0.0275690 0.0168809 -0.0055968 -0.0130491 -0.0059514 -0.0074350 0.0002017 -0.0046544 -0.0209629 -0.0051001 -0.0536577 -0.0530575 0.0065622 0.0106261 0.0067720 -0.0137062 -0.0099925 -0.0935910 -0.0125488 -0.0206165 -0.0379172 -0.0380583 0.0018225 -0.0698882 0.0070589 -0.0753940
0.0163327 0.0180231 0.0231785 0.0175480 0.0207524 0.0196480 0.0213597 0.0217901 0.0191093 0.0186375 0.0167775 0.0199901 0.0197586 0.0174620 0.0186859 0.0250085 -0.0815213 -0.0735563 -0.0653379 -0.0843924 -0.0892748 -0.0746184 -0.0880601 -0.0759577 0.0466462 0.0412442 0.0357007 0.0388818 0.0383385 0.0461238 0.0528033 0.0490149 0.0532804 0.0273499 0.0341756 0.8614942 0.0426200 0.0388642 0.0430488 0.0421895 0.0149833 0.0251955 0.0366350 0.0151755 0.0141243 0.0354338 0.0275155 0.0121934 -0.0443294 0.0018244 -0.0182246 -0.0161617 -0.0090338 0.0063133 0.0043782 -0.0043510 -0.0191019 -0.0156405 0.0265351 -0.0083095 0.0228788 0.0153217 0.0142820 0.0110679 0.0162792 0.0321238 0.0096283 0.0153059 0.0184135 0.0390830 0.0092703 -0.0157773 -0.0199074 -0.0089505 -0.0068879 0.0005438 -0.0170583 -0.0431800 -0.0226318 -0.0976676 -0.0972992 0.0029782 -0.0061977 -0.0036652 -0.0379889 -0.0250505 -0.1518799 -0.0204259 -0.0601932 -0.0672114 -0.0685203 -0.0112059 -0.1111817 -0.0114453 -0.1336764
0.0084661 0.0082828 0.0139213 0.0103391 0.0082335 0.0055105 0.0063406 0.0078835 0.0076173 0.0029252 0.0058738 0.0066751 0.0088027 0.0077755 0.0097835 0.0100986 -0.0630513 -0.0567145 -0.0610533 -0.0608933 -0.0812882 -0.0641447 -0.0741960 -0.0608922 0.0322014 0.0236936 0.0312646 0.0301258 0.0273360 0.0374995 0.0414257 0.0341253 0.0306324 0.0225936 0.0276770 0.0426200 0.8681204 0.0308028 0.0361837 0.0307147 0.0018247 0.0112378 0.0292118 0.0046430 0.0130225 0.0219038 0.0127630 0.0157920 -0.0350155 -0.0019104 -0.0126005 -0.0075281 -0.0087132 0.0037724 0.0122368 -0.0201054 -0.0128122 -0.0094411 0.0240693 -0.0010301 0.0144488 0.0071312 0.0069405 0.0077728 0.0179727 0.0171661 0.0087160 0.0166200 0.0167143 0.0351285 0.0054664 -0.0131658 -0.0145800 -0.0038101 -0.0023448 0.0014991 -0.0103637 -0.0323998 -0.0208266 -0.0881133 -0.0882380 -0.0024474 -0.0121432 0.0011299 -0.0258330 -0.0215969 -0.1210693 -0.0065595 -0.0370485 -0.0380939 -0.0390832 -0.0037078 -0.0900338 -0.0044149 -0.1039117
0.0098925 0.0137352 0.0103481 0.0162518 0.0113125 0.0076588 0.0124839 0.0124569 0.0092411 0.0077116 0.0074097 0.0054092 0.0126416 0.0077222 0.0162009 0.0155823 -0.0761437 -0.0658108 -0.0669909 -0.0786018 -0.0814522 -0.0635819 -0.0794514 -0.0667277 0.0315038 0.0240953 0.0247955 0.0238024 0.0306823 0.0466510 0.0454866 0.0294550 0.0460783 0.0273028 0.0263335 0.0388642 0.0308028 0.8780954 0.0346667 0.0435575 0.0013478 0.0143372 0.0437357 0.0145112 0.0106878 0.0194898 0.0181561 0.0333016 -0.0355624 0.0074647 -0.0074925 -0.0111814 -0.0018422 -0.0032214 0.0125670 -0.0067705 -0.0158687 -0.0042466 0.0137738 -0.0169913 0.0053233 -0.0043406 -0.0047405 0.0183530 0.0184308 0.0262183 0.0148950 0.0317913 0.0244864 0.0356534 0.0079209 -0.0284655 -0.0178288 -0.0045167 -0.0069785 -0.0074792 -0.0223666 -0.0197501 -0.0155013 -0.0816454 -0.0942976 -0.0063896 -0.0118387 0.0023611 -0.0273706 -0.0265605 -0.1329103 -0.0138802 -0.0376579 0.0051895 0.0040093 -0.0027722 -0.1012013 -0.0065021 -0.1119732
0.0167723 0.0201098 0.0193830 0.0198506 0.0217985 0.0142320 0.0203486 0.0201480 0.0149113 0.0172234 0.0153614 0.0153713 0.0210245 0.0152924 0.0184992 0.0198955 -0.0747898 -0.0615439 -0.0625116 -0.0709585 -0.0780588 -0.0664675 -0.0768010 -0.0643690 0.0262692 0.0270808 0.0260469 0.0240670 0.0293860 0.0296219 0.0395143 0.0327654 0.0452220 0.0260590 0.0165363 0.0430488 0.0361837 0.0346667 0.8597416 0.0353800 0.0038717 0.0103770 0.0281429 0.0146976 0.0078187 0.0292469 0.0168895 0.0274367 -0.0489550 0.0064107 -0.0134827 -0.0086742 -0.0070601 0.0006958 0.0131451 -0.0101722 -0.0111700 -0.0194035 0.0191869 -0.0174765 0.0190001 0.0091856 0.0083074 0.0160908 0.0154263 0.0178861 -0.0001964 0.0273643 0.0050748 0.0225449 -0.0027488 -0.0299652 -0.0249497 -0.0068096 -0.0065770 -0.0078240 -0.0075089 -0.0342204 -0.0153340 -0.0792516 -0.0875606 -0.0140679 -0.0187291 0.0008460 -0.0442074 -0.0214572 -0.1439382 -0.0194300 -0.0554074 -0.0192566 -0.0194465 -0.0047943 -0.1034495 -0.0220664 -0.1091216
