0.1297934 0.0000999 0.8701066
0.1118028 0.0000996 0.8880975
0.0773866 0.0000996 0.9225138
0.1586387 0.0000997 0.8412616
0.0511348 0.0000998 0.9487653
0.0574783 0.0000999 0.9424219
0.0501399 0.0000995 0.9497606
0.0436520 0.0000996 0.9562484
0.0374658 0.0000998 0.9624344
0.0364487 0.0023475 0.9612039
0.0158469 0.0075349 0.9766182
0.0001000 0.0035788 0.9963211
0.0352401 0.0000999 0.9646600
0.0394566 0.0019743 0.9585691
0.1835403 0.0000995 0.8163602
0.1659346 0.0000994 0.8339660
0.0660656 0.2493476 0.6845868
0.0529309 0.1996236 0.7474455
0.0002582 0.2037800 0.7959618
0.0000999 0.2265467 0.7733534
0.0000999 0.2492886 0.7506114
0.0000999 0.1895641 0.8103359
0.0000999 0.2328621 0.7670380
0.0391783 0.2117291 0.7490926
0.6580002 0.0000990 0.3419008
0.6951277 0.0000992 0.3047732
0.6490144 0.0000991 0.3508865
0.6903189 0.0010237 0.3086573
0.7136495 0.0000995 0.2862510
0.7642958 0.0000990 0.2356053
0.7304088 0.0000982 0.2694930
0.7398095 0.0000994 0.2600911
0.7315600 0.0000980 0.2683420
0.6202399 0.0428815 0.3368787
0.7328073 0.0060434 0.2611493
0.6908107 0.0000982 0.3090911
0.7057251 0.0000994 0.2941755
0.7176729 0.0000994 0.2822277
0.6834213 0.0000988 0.3164798
0.6960019 0.0000991 0.3038990
0.5662064 0.0352054 0.3985882
0.6859295 0.0264543 0.2876162
0.7928243 0.0000997 0.2070761
0.6323464 0.0366666 0.3309870
0.5666946 0.0236869 0.4096185
0.6628818 0.0015470 0.3355712
0.6814561 0.0256713 0.2928726
0.9127963 0.0053203 0.0818834
0.6391710 0.1952634 0.1655657
0.7154942 0.0521162 0.2323896
0.6806138 0.0992075 0.2201786
0.5827726 0.1457318 0.2714956
0.7533889 0.0840949 0.1625162
0.6299619 0.0795840 0.2904541
0.7877057 0.0595178 0.1527765
0.6351960 0.1427345 0.2220695
0.7487163 0.1300677 0.1212160
0.6879076 0.1173597 0.1947327
0.8708593 0.0000999 0.1290408
0.7103361 0.0829133 0.2067506
0.8672289 0.0000995 0.1326716
0.9132358 0.0122858 0.0744785
0.9150080 0.0137415 0.0712505
0.7930061 0.0302377 0.1767561
0.8441846 0.0520282 0.1037872
0.7621111 0.0362394 0.2016495
0.8352154 0.0759603 0.0888243
0.9103967 0.0028493 0.0867540
0.8971348 0.0670806 0.0357846
0.7316272 0.0028764 0.2654964
0.8341846 0.0694044 0.0964109
0.7071231 0.1491922 0.1436847
0.7116674 0.1363928 0.1519398
0.6600031 0.0685859 0.2714110
0.7590083 0.0717783 0.1692134
0.6810982 0.0852820 0.2336198
0.6870010 0.1131853 0.1998136
0.7023745 0.1724260 0.1251995
0.6666443 0.1145641 0.2187916
0.6595577 0.3254723 0.0149700
0.6566333 0.3432666 0.0001001
0.8201916 0.0926203 0.0871881
0.7474097 0.1086065 0.1439838
0.7553880 0.0738990 0.1707130
0.7643079 0.2011598 0.0345323
0.7764098 0.1251787 0.0984115
0.2973331 0.5412589 0.1614080
0.7684671 0.1214445 0.1100883
0.6890178 0.2341363 0.0768459
0.8625021 0.1373977 0.0001001
0.8602600 0.1396399 0.0001001
0.7900442 0.0851780 0.1247778
0.3975065 0.3916910 0.2108025
0.7885600 0.1186308 0.0928092
0.5189958 0.4363205 0.0446837
0.0141468 0.9857532 0.0001000
0.0032466 0.9966534 0.0001000
0.0104328 0.9894672 0.0001000
0.0066595 0.9877971 0.0055435
0.0139917 0.9859083 0.0001000
0.0194754 0.9804246 0.0001000
0.0137502 0.9861498 0.0001000
0.0060634 0.9930895 0.0008471
0.0028200 0.9949370 0.0022429
0.0001000 0.9998000 0.0001000
0.0001000 0.9998000 0.0001000
0.0001000 0.9998000 0.0001000
0.0001000 0.9998000 0.0001000
0.0001000 0.9998000 0.0001000
0.0001000 0.9998000 0.0001000
0.0001000 0.9998000 0.0001000
0.0001000 0.9998000 0.0001000
0.0001000 0.9998000 0.0001000
