0.8260744 0.0000997 0.0272870 0.1465389
0.8422740 0.0000995 0.0156663 0.1419602
0.8790894 0.0000995 0.0073839 0.1134271
0.7969350 0.0000995 0.0318234 0.1711422
0.9074322 0.0000997 0.0075394 0.0849287
0.8894462 0.0000997 0.0000997 0.1103543
0.9082102 0.0000994 0.0097597 0.0819307
0.9152809 0.0000995 0.0060126 0.0786070
0.9093107 0.0000997 0.0000997 0.0904899
0.9185440 0.0005823 0.0001336 0.0807402
0.9387941 0.0047429 0.0062518 0.0502112
0.9560527 0.0013163 0.0001000 0.0425311
0.9154351 0.0000998 0.0000998 0.0843654
0.9184340 0.0000999 0.0096268 0.0718393
0.7662804 0.0000994 0.0166969 0.2169233
0.7790291 0.0000994 0.0000994 0.2207721
0.5995623 0.2446851 0.0001000 0.1556526
0.7197207 0.1915039 0.0434775 0.0452980
0.7617409 0.1931685 0.0449907 0.0001000
0.7186007 0.2069777 0.0743217 0.0000999
0.7496175 0.2501825 0.0001000 0.0001000
0.7481754 0.1681844 0.0835403 0.0000999
0.7622851 0.2323658 0.0052492 0.0001000
0.7223626 0.2030726 0.0453435 0.0292213
0.2653169 0.0000991 0.0464847 0.6880992
0.2306028 0.0000991 0.0669507 0.7023473
0.2733655 0.0000992 0.0453144 0.6812208
0.2208459 0.0089582 0.0172725 0.7529233
0.2060629 0.0000997 0.0471360 0.7467014
0.1535172 0.0000991 0.0572982 0.7890855
0.1939199 0.0000982 0.0684979 0.7374841
0.1503158 0.0038235 0.0001000 0.8457606
0.2028449 0.0000976 0.1154503 0.6816072
0.2905052 0.0263779 0.1503862 0.5327306
0.1946771 0.0000999 0.1141601 0.6910628
0.2362635 0.0000982 0.0702053 0.6934330
0.2250441 0.0000991 0.1003842 0.6744726
0.2243548 0.0000987 0.1521236 0.6234229
0.2556587 0.0000983 0.1253039 0.6189392
0.2407388 0.0000986 0.1182725 0.6408901
0.3109272 0.0432587 0.0001000 0.6457140
0.1817185 0.0371926 0.0001000 0.7809889
0.1506861 0.0000987 0.1892161 0.6599991
0.2793238 0.0225693 0.1494983 0.5486085
0.3573710 0.0130130 0.1195095 0.5101065
0.2419617 0.0127668 0.0001000 0.7451715
0.2104760 0.0321793 0.0229031 0.7344415
0.0476099 0.0000983 0.3573787 0.5949131
0.1371754 0.1677175 0.2360403 0.4590669
0.1921910 0.0250607 0.2441440 0.5386043
0.1767768 0.0784214 0.1976496 0.5471522
0.1953299 0.1540359 0.0001000 0.6505342
0.1317413 0.0503601 0.2909510 0.5269477
0.2195079 0.0822969 0.0399278 0.6582674
0.0888789 0.0516470 0.1260561 0.7334180
0.1835214 0.1224400 0.1896857 0.5043529
0.0610378 0.1245322 0.1083123 0.7061176
0.1340021 0.1118947 0.0996548 0.6544484
0.0452182 0.0021206 0.0653437 0.8873174
0.1325132 0.0863009 0.0455202 0.7356657
0.0050655 0.0088308 0.0001000 0.9860036
0.0001000 0.0283418 0.0001000 0.9714582
0.0001000 0.0300802 0.0001000 0.9697198
0.1395948 0.0001000 0.2889198 0.5713854
0.0677673 0.0197690 0.2970976 0.6153661
0.1344255 0.0280240 0.1236112 0.7139393
0.0300498 0.0597000 0.1855601 0.7246901
0.0525746 0.0000982 0.3548455 0.5924817
0.0001001 0.0532557 0.1685966 0.7780476
0.1980794 0.0000997 0.1154660 0.6863548
0.0289283 0.0608415 0.1353514 0.7748789
0.0633710 0.1585041 0.0079638 0.7701612
0.0982588 0.1247759 0.1426259 0.6343394
0.2183833 0.0555898 0.1445701 0.5814569
0.1129175 0.0592676 0.1532196 0.6745953
0.1513297 0.0941529 0.0089222 0.7455953
0.1250964 0.1192918 0.0266306 0.7289813
0.0970901 0.1388590 0.2820047 0.4820462
0.1637288 0.1053856 0.1217186 0.6091670
0.0001001 0.3082024 0.1714813 0.5202162
0.0001001 0.3325871 0.1258694 0.5414433
0.0008806 0.1052999 0.0023802 0.8914392
0.0867085 0.0958695 0.1528713 0.6645507
0.0984949 0.0732496 0.0770622 0.7511934
0.0001001 0.1877724 0.1579759 0.6541517
0.0351020 0.1181022 0.1208797 0.7259161
0.1088224 0.5442817 0.0001000 0.3467960
0.0615558 0.1022134 0.1974136 0.6388172
0.0417052 0.2099866 0.2213239 0.5269843
0.0001000 0.0123309 0.9874691 0.0001000
0.0001000 0.0140726 0.9857275 0.0001000
0.0929131 0.0500969 0.3039748 0.5530152
0.1656463 0.3936249 0.0232471 0.4174817
0.0323454 0.1083445 0.1429953 0.7163149
0.0209784 0.4162549 0.1782694 0.3844973
0.0001000 0.9849753 0.0073028 0.0076219
0.0001000 0.9964629 0.0009478 0.0024892
0.0001000 0.9892977 0.0020017 0.0086007
0.0037615 0.9871813 0.0042055 0.0048516
0.0001000 0.9830458 0.0167542 0.0001000
0.0001000 0.9804675 0.0013258 0.0181067
0.0001000 0.9849487 0.0093249 0.0056264
0.0002176 0.9922940 0.0050451 0.0024433
0.0006879 0.9948881 0.0001818 0.0042422
0.0001000 0.9997001 0.0001000 0.0001000
0.0001000 0.9997000 0.0001000 0.0001000
0.0001000 0.9997001 0.0001000 0.0001000
0.0001000 0.9997001 0.0001000 0.0001000
0.0001000 0.9997001 0.0001000 0.0001000
0.0001000 0.9997001 0.0001000 0.0001000
0.0001000 0.9997001 0.0001000 0.0001000
0.0001000 0.9997001 0.0001000 0.0001000
0.0001000 0.9997001 0.0001000 0.0001000
