0.8767204 0.1779508 0.1443895 0.1652513 0.1497231 0.1434425 0.1475014 0.1529010 0.1468289 0.1437134 0.1449393 0.1520166 0.1422432 0.1408042 0.1344460 0.1366696 0.0301377 0.0526982 0.0550709 0.0511274 0.0458749 0.0710670 0.0495225 0.0538559 0.0673332 0.0641976 0.0678301 0.0526172 0.0565099 0.0531094 0.0648070 0.0499987 0.0668203 0.0572140 0.0520461 0.0689962 0.0609142 0.0602373 0.0685880 0.0629888 0.0523070 0.0447794 0.0492350 0.0479114 0.0638249 0.0581649 0.0479819 0.0366086 -0.0148065 0.0356852 0.0197517 0.0065821 0.0172848 0.0299408 0.0190532 0.0076772 -0.0021402 0.0076993 0.0396842 0.0210321 0.0407786 0.0254038 0.0242209 0.0392916 0.0165011 0.0319340 0.0059391 0.0375700 0.0013284 0.0511503 0.0090469 -0.0103946 -0.0026055 0.0337071 0.0179073 0.0189505 0.0119100 -0.0104904 0.0118456 -0.0727859 -0.0829080 -0.0010882 0.0034299 0.0179354 -0.0339336 -0.0082203 -0.1233153 -0.0006111 -0.0369159 -0.0151083 -0.0154547 0.0112845 -0.0683163 -0.0048698 -0.1041184 -0.2737038 -0.2766654 -0.2758047 -0.2736015 -0.2733070 -0.2724926 -0.2729791 -0.2740418 -0.2754305 -0.2770066 -0.2792891 -0.2780460 -0.2780527 -0.2789487 -0.2792723 -0.2781230 -0.2817824 -0.2776664
0.1779508 0.8837972 0.1470406 0.1746803 0.1513938 0.1498586 0.1523424 0.1547960 0.1492870 0.1474912 0.1505850 0.1536111 0.1505761 0.1456546 0.1372429 0.1413841 0.0267811 0.0562874 0.0596185 0.0538565 0.0421937 0.0697306 0.0518008 0.0487202 0.0690372 0.0660066 0.0714303 0.0562370 0.0599760 0.0565697 0.0672782 0.0555052 0.0666578 0.0590545 0.0526543 0.0710851 0.0619048 0.0640449 0.0721390 0.0668069 0.0560878 0.0471270 0.0503293 0.0521055 0.0651254 0.0610190 0.0456278 0.0332912 -0.0157717 0.0403526 0.0199310 0.0065641 0.0180241 0.0295851 0.0201415 0.0075171 -0.0039860 0.0097687 0.0426269 0.0234668 0.0417958 0.0304825 0.0295540 0.0396265 0.0199818 0.0335212 0.0099681 0.0349273 0.0014508 0.0528127 0.0097450 -0.0101461 -0.0022024 0.0334036 0.0189612 0.0249415 0.0102988 -0.0125667 0.0144161 -0.0769176 -0.0844449 -0.0004105 0.0034899 0.0166411 -0.0377830 -0.0064399 -0.1258575 0.0023180 -0.0387778 -0.0201429 -0.0216079 0.0125511 -0.0710110 -0.0010905 -0.1054306 -0.2821289 -0.2860546 -0.2838523 -0.2817123 -0.2822687 -0.2822669 -0.2812981 -0.2856850 -0.2848974 -0.2864894 -0.2862353 -0.2886889 -0.2865260 -0.2877451 -0.2870336 -0.2872794 -0.2910318 -0.2869775
0.1443895 0.1470406 0.8788056 0.1438482 0.1893074 0.1825371 0.2004991 0.1902131 0.1533827 0.1522771 0.1535942 0.1564109 0.1528136 0.1498813 0.1421204 0.1442591 0.0347402 0.0553383 0.0645843 0.0519749 0.0473162 0.0726298 0.0542905 0.0526244 0.0675767 0.0648475 0.0727019 0.0595984 0.0586397 0.0576935 0.0695211 0.0533732 0.0688642 0.0593668 0.0548383 0.0744357 0.0658108 0.0608698 0.0711915 0.0689336 0.0602275 0.0499248 0.0483777 0.0496661 0.0684541 0.0651526 0.0482254 0.0317770 -0.0193458 0.0344309 0.0222349 0.0055106 0.0177706 0.0300671 0.0193894 0.0075366 -0.0018681 0.0070123 0.0362025 0.0209742 0.0381514 0.0236343 0.0238059 0.0337650 0.0140418 0.0278080 0.0066078 0.0329443 0.0003857 0.0492001 0.0084137 -0.0095303 -0.0033110 0.0347221 0.0204159 0.0208030 0.0091933 -0.0150153 0.0128999 -0.0799106 -0.0908631 -0.0005576 0.0055005 0.0156825 -0.0381522 -0.0066482 -0.1248812 -0.0068606 -0.0412702 -0.0221633 -0.0230351 0.0102167 -0.0732054 -0.0041251 -0.1101887 -0.2846869 -0.2887738 -0.2875063 -0.2832966 -0.2833263 -0.2827460 -0.2844445 -0.2851651 -0.2875453 -0.2890829 -0.2898003 -0.2906846 -0.2894920 -0.2897699 -0.2906633 -0.2898669 -0.2937989 -0.2910147
0.1652513 0.1746803 0.1438482 0.8849232 0.1446536 0.1438818 0.1438779 0.1499142 0.1450169 0.1395893 0.1452835 0.1461644 0.1396411 0.1405457 0.1330280 0.1361610 0.0296360 0.0526999 0.0574102 0.0492710 0.0405261 0.0674952 0.0501701 0.0513395 0.0682626 0.0633525 0.0699392 0.0583954 0.0589320 0.0553645 0.0655618 0.0527263 0.0679305 0.0579894 0.0537278 0.0684730 0.0619980 0.0643708 0.0697115 0.0658282 0.0551869 0.0477768 0.0545721 0.0520009 0.0669264 0.0602389 0.0463365 0.0369127 -0.0139480 0.0386927 0.0245274 0.0054760 0.0190201 0.0300665 0.0231382 0.0075429 -0.0003950 0.0113967 0.0418502 0.0249712 0.0398198 0.0280308 0.0279515 0.0405814 0.0213427 0.0296753 0.0061899 0.0391212 0.0014772 0.0534598 0.0097487 -0.0071718 -0.0026922 0.0344134 0.0212689 0.0211642 0.0111062 -0.0092508 0.0139480 -0.0743290 -0.0829767 0.0004171 0.0080707 0.0197486 -0.0358042 -0.0076785 -0.1246554 0.0005567 -0.0379596 -0.0134842 -0.0133346 0.0147862 -0.0698241 -0.0024568 -0.1022399 -0.2765893 -0.2794190 -0.2770072 -0.2747453 -0.2763966 -0.2746346 -0.2755321 -0.2776697 -0.2783502 -0.2810789 -0.2807677 -0.2814829 -0.2811296 -0.2808866 -0.2807694 -0.2798674 -0.2847908 -0.2793652
0.1497231 0.1513938 0.1893074 0.1446536 0.8918037 0.1974373 0.2027109 0.2000636 0.1560676 0.1541897 0.1566515 0.1605052 0.1548869 0.1527666 0.1419788 0.1474500 0.0337888 0.0622947 0.0654141 0.0602035 0.0518590 0.0793591 0.0612815 0.0585316 0.0684521 0.0628732 0.0708808 0.0552174 0.0567221 0.0532698 0.0667571 0.0508861 0.0663285 0.0585872 0.0491120 0.0714276 0.0608025 0.0610622 0.0720695 0.0644979 0.0610461 0.0473457 0.0462066 0.0498228 0.0674192 0.0599119 0.0474202 0.0280307 -0.0178798 0.0353163 0.0190635 0.0073620 0.0147876 0.0290739 0.0159108 0.0046447 -0.0051959 0.0063508 0.0365718 0.0152108 0.0387741 0.0279574 0.0246601 0.0343071 0.0165009 0.0281956 0.0025941 0.0288732 -0.0038520 0.0525448 0.0038432 -0.0148920 -0.0074502 0.0335277 0.0188349 0.0204035 0.0070885 -0.0166189 0.0113582 -0.0821547 -0.0944074 -0.0042943 -0.0002365 0.0133994 -0.0397582 -0.0089095 -0.1255191 -0.0068193 -0.0414213 -0.0208225 -0.0214290 0.0093970 -0.0728504 -0.0111227 -0.1072337 -0.2829646 -0.2849864 -0.2833427 -0.2800286 -0.2810392 -0.2800716 -0.2811998 -0.2817956 -0.2823373 -0.2847016 -0.2871966 -0.2870241 -0.2862659 -0.2871591 -0.2863646 -0.2860345 -0.2911091 -0.2857662
0.1434425 0.1498586 0.1825371 0.1438818 0.1974373 0.8860966 0.1952540 0.1932871 0.1536324 0.1520936 0.1541293 0.1597948 0.1511682 0.1501850 0.1411732 0.1462457 0.0353272 0.0566577 0.0633820 0.0534225 0.0477619 0.0713457 0.0552956 0.0535417 0.0720800 0.0671079 0.0728052 0.0579732 0.0611108 0.0590248 0.0655824 0.0536494 0.0699968 0.0578643 0.0498892 0.0703570 0.0588615 0.0573807 0.0660949 0.0655738 0.0603717 0.0485859 0.0498147 0.0496806 0.0676756 0.0619185 0.0492406 0.0246601 -0.0179979 0.0321574 0.0147164 0.0093079 0.0128598 0.0313521 0.0166965 0.0084747 -0.0080637 0.0054691 0.0323437 0.0172887 0.0359494 0.0210248 0.0199153 0.0355288 0.0155451 0.0329780 0.0062240 0.0258239 0.0040919 0.0530756 0.0061593 -0.0108842 -0.0057467 0.0325747 0.0176831 0.0208921 0.0097745 -0.0196716 0.0124194 -0.0781372 -0.0907779 0.0002711 0.0059396 0.0159862 -0.0381220 -0.0035822 -0.1236508 -0.0070227 -0.0400927 -0.0344525 -0.0361498 0.0096946 -0.0695941 -0.0079870 -0.1059511 -0.2820810 -0.2839332 -0.2840047 -0.2802556 -0.2805156 -0.2796592 -0.2811794 -0.2831107 -0.2820421 -0.2868863 -0.2860079 -0.2864355 -0.2873515 -0.2878778 -0.2859178 -0.2852294 -0.2889596 -0.2876392
0.1475014 0.1523424 0.2004991 0.1438779 0.2027109 0.1952540 0.8845721 0.2068967 0.1562387 0.1553246 0.1576285 0.1626071 0.1540974 0.1558283 0.1413620 0.1487761 0.0313462 0.0579994 0.0654670 0.0579350 0.0482071 0.0732382 0.0566505 0.0506551 0.0704102 0.0662781 0.0727782 0.0589757 0.0595661 0.0592648 0.0679774 0.0544672 0.0706878 0.0607722 0.0545486 0.0736177 0.0606868 0.0629783 0.0725769 0.0713700 0.0606004 0.0468048 0.0500524 0.0513291 0.0671494 0.0606872 0.0483556 0.0300214 -0.0167427 0.0355152 0.0195473 0.0062274 0.0153324 0.0311216 0.0160404 0.0080811 -0.0028450 0.0056361 0.0334999 0.0134048 0.0341204 0.0235075 0.0207941 0.0383448 0.0200095 0.0339114 0.0089053 0.0319304 0.0015197 0.0554389 0.0075264 -0.0117802 -0.0054554 0.0346808 0.0201297 0.0216981 0.0086099 -0.0146561 0.0120827 -0.0799228 -0.0912336 -0.0016236 0.0057702 0.0136230 -0.0377759 -0.0059841 -0.1301153 -0.0067204 -0.0405691 -0.0195700 -0.0209369 0.0098867 -0.0747336 -0.0087096 -0.1113511 -0.2910341 -0.2950148 -0.2927102 -0.2909537 -0.2909205 -0.2884048 -0.2918110 -0.2930252 -0.2927039 -0.2959006 -0.2958614 -0.2979698 -0.2953408 -0.2973944 -0.2963575 -0.2969244 -0.2972266 -0.2963925
0.1529010 0.1547960 0.1902131 0.1499142 0.2000636 0.1932871 0.2068967 0.8924388 0.1609459 0.1561609 0.1607011 0.1676093 0.1561449 0.1577065 0.1463493 0.1492435 0.0356564 0.0589978 0.0701417 0.0590435 0.0518440 0.0786030 0.0596239 0.0532520 0.0705761 0.0669313 0.0718619 0.0574832 0.0586482 0.0557484 0.0672773 0.0537461 0.0705206 0.0601818 0.0523936 0.0733990 0.0619512 0.0626153 0.0718479 0.0683225 0.0615114 0.0464529 0.0498436 0.0525487 0.0660420 0.0630189 0.0471093 0.0289499 -0.0174145 0.0353804 0.0157129 0.0103819 0.0131444 0.0319238 0.0188202 0.0071543 -0.0052158 0.0024282 0.0287502 0.0161968 0.0325697 0.0178970 0.0160184 0.0340249 0.0164789 0.0332130 0.0061775 0.0295511 0.0029511 0.0527180 0.0078268 -0.0105533 -0.0057670 0.0363278 0.0178185 0.0211824 0.0087539 -0.0170358 0.0118405 -0.0798592 -0.0914462 -0.0033119 0.0056959 0.0145659 -0.0350859 -0.0072729 -0.1275600 -0.0031129 -0.0412182 -0.0231358 -0.0244690 0.0109428 -0.0728754 -0.0052686 -0.1077622 -0.2892060 -0.2921434 -0.2901324 -0.2871186 -0.2884397 -0.2872200 -0.2887027 -0.2905886 -0.2911542 -0.2930571 -0.2944750 -0.2936928 -0.2942273 -0.2942889 -0.2943854 -0.2933255 -0.2974279 -0.2937683
0.1468289 0.1492870 0.1533827 0.1450169 0.1560676 0.1536324 0.1562387 0.1609459 0.8927968 0.1877184 0.1968616 0.1939690 0.1907005 0.1851048 0.1486845 0.1539056 0.0363879 0.0609506 0.0662374 0.0609465 0.0505688 0.0742520 0.0609183 0.0563725 0.0717935 0.0631961 0.0713843 0.0593357 0.0594549 0.0572639 0.0662021 0.0561006 0.0680356 0.0583040 0.0503343 0.0709575 0.0604629 0.0601163 0.0675864 0.0655300 0.0600228 0.0428166 0.0460401 0.0557943 0.0699543 0.0625198 0.0518366 0.0261731 -0.0179948 0.0333037 0.0186225 0.0035847 0.0099499 0.0316496 0.0225477 0.0081830 -0.0071867 0.0080734 0.0288574 0.0174253 0.0301585 0.0170260 0.0167079 0.0323017 0.0140938 0.0352123 0.0085046 0.0275126 0.0031520 0.0540144 0.0091654 -0.0091044 -0.0006607 0.0317188 0.0159653 0.0192360 0.0038979 -0.0177273 0.0118454 -0.0781797 -0.0853542 0.0003539 0.0001305 0.0168014 -0.0390164 -0.0087585 -0.1204593 -0.0031001 -0.0414115 -0.0394939 -0.0395227 0.0112995 -0.0724795 -0.0044368 -0.1088178 -0.2850871 -0.2872933 -0.2846085 -0.2823098 -0.2825110 -0.2825546 -0.2839081 -0.2853505 -0.2860909 -0.2875978 -0.2893331 -0.2877752 -0.2887689 -0.2894008 -0.2879851 -0.2894865 -0.2942725 -0.2882623
0.1437134 0.1474912 0.1522771 0.1395893 0.1541897 0.1520936 0.1553246 0.1561609 0.1877184 0.8883790 0.1851763 0.1908478 0.1990749 0.1839791 0.1413459 0.1485555 0.0338684 0.0597747 0.0629485 0.0617721 0.0508704 0.0740824 0.0596202 0.0583040 0.0671000 0.0617345 0.0673801 0.0571868 0.0564705 0.0521519 0.0622263 0.0508433 0.0662228 0.0566494 0.0500805 0.0699605 0.0557974 0.0571023 0.0685230 0.0653400 0.0553645 0.0428004 0.0458117 0.0538319 0.0660419 0.0576544 0.0463027 0.0278579 -0.0199876 0.0336489 0.0173827 0.0076929 0.0123733 0.0318655 0.0153117 0.0075599 -0.0069106 0.0046070 0.0295086 0.0161597 0.0307586 0.0177010 0.0154755 0.0302920 0.0154308 0.0307068 0.0043468 0.0284291 -0.0011049 0.0480428 0.0043459 -0.0113020 -0.0033324 0.0297055 0.0142715 0.0181799 0.0042419 -0.0168823 0.0110825 -0.0769744 -0.0889267 -0.0030045 0.0011612 0.0150355 -0.0411997 -0.0077671 -0.1210068 -0.0076808 -0.0416401 -0.0305916 -0.0300513 0.0090133 -0.0708187 -0.0090543 -0.1044579 -0.2778679 -0.2793718 -0.2795850 -0.2745681 -0.2749590 -0.2739252 -0.2769715 -0.2766972 -0.2782005 -0.2799188 -0.2817446 -0.2814136 -0.2801274 -0.2813956 -0.2812430 -0.2807582 -0.2844437 -0.2813436
0.1449393 0.1505850 0.1535942 0.1452835 0.1566515 0.1541293 0.1576285 0.1607011 0.1968616 0.1851763 0.9120511 0.2027620 0.1902890 0.1868647 0.1483760 0.1502641 0.0402044 0.0662469 0.0744868 0.0667770 0.0581823 0.0818257 0.0665476 0.0615339 0.0633885 0.0580011 0.0653145 0.0543335 0.0551999 0.0490960 0.0608915 0.0455151 0.0618241 0.0555346 0.0466389 0.0668006 0.0569237 0.0562421 0.0657860 0.0606439 0.0558939 0.0409873 0.0442170 0.0511940 0.0658126 0.0572036 0.0437366 0.0243370 -0.0187920 0.0305144 0.0187793 0.0024876 0.0110387 0.0259538 0.0151227 0.0054117 -0.0095626 0.0056018 0.0283398 0.0166551 0.0249175 0.0115606 0.0102626 0.0302896 0.0109641 0.0275950 0.0017216 0.0254170 -0.0052133 0.0445249 0.0008451 -0.0161641 -0.0056049 0.0297605 0.0149859 0.0150943 0.0022629 -0.0159639 0.0064371 -0.0785438 -0.0896216 -0.0081171 0.0003343 0.0109876 -0.0437252 -0.0143060 -0.1191635 -0.0072489 -0.0449193 -0.0258271 -0.0256482 0.0096349 -0.0724458 -0.0085323 -0.1061710 -0.2711948 -0.2745298 -0.2731388 -0.2688057 -0.2704343 -0.2700880 -0.2710347 -0.2722419 -0.2723339 -0.2725383 -0.2757301 -0.2756572 -0.2754329 -0.2769367 -0.2751141 -0.2776647 -0.2815457 -0.2754963
0.1520166 0.1536111 0.1564109 0.1461644 0.1605052 0.1597948 0.1626071 0.1676093 0.1939690 0.1908478 0.2027620 0.9053745 0.1953478 0.1903876 0.1457480 0.1557775 0.0378075 0.0655125 0.0706462 0.0641806 0.0538296 0.0807047 0.0649050 0.0590372 0.0653543 0.0585012 0.0680529 0.0554947 0.0554503 0.0501466 0.0614270 0.0491695 0.0638112 0.0565201 0.0516537 0.0709805 0.0587187 0.0560205 0.0671803 0.0621892 0.0585551 0.0415835 0.0472043 0.0515766 0.0683416 0.0570941 0.0478089 0.0229891 -0.0217767 0.0300573 0.0162271 0.0044051 0.0121422 0.0310137 0.0158752 0.0044112 -0.0085884 0.0087137 0.0260328 0.0133218 0.0237150 0.0110723 0.0101015 0.0290608 0.0129646 0.0289593 0.0051050 0.0245871 -0.0020090 0.0497535 0.0060591 -0.0147631 -0.0049872 0.0276110 0.0118964 0.0178924 0.0028253 -0.0206490 0.0096951 -0.0773631 -0.0889337 -0.0062252 0.0003058 0.0097387 -0.0448961 -0.0115697 -0.1187895 -0.0089549 -0.0438863 -0.0323276 -0.0330652 0.0059094 -0.0695988 -0.0114598 -0.1083783 -0.2791876 -0.2805687 -0.2791098 -0.2762365 -0.2772639 -0.2770326 -0.2780222 -0.2778419 -0.2807899 -0.2796781 -0.2817621 -0.2821753 -0.2821968 -0.2820317 -0.2814431 -0.2830571 -0.2866530 -0.2829314
0.1422432 0.1505761 0.1528136 0.1396411 0.1548869 0.1511682 0.1540974 0.1561449 0.1907005 0.1990749 0.1902890 0.1953478 0.8948923 0.1916749 0.1448496 0.1494473 0.0317752 0.0604163 0.0653796 0.0589500 0.0498883 0.0755388 0.0598665 0.0553984 0.0671212 0.0621981 0.0723851 0.0572904 0.0588479 0.0543007 0.0645115 0.0530222 0.0683364 0.0578435 0.0482257 0.0706353 0.0612113 0.0610213 0.0706375 0.0639079 0.0572537 0.0437897 0.0480374 0.0560976 0.0670258 0.0607081 0.0509622 0.0249493 -0.0195613 0.0344576 0.0150224 0.0092023 0.0158303 0.0274870 0.0193285 0.0058087 -0.0071116 0.0077489 0.0344455 0.0169876 0.0362545 0.0204730 0.0199511 0.0302075 0.0174040 0.0319104 0.0041950 0.0270361 -0.0009573 0.0505071 0.0056901 -0.0102794 -0.0060437 0.0325813 0.0161884 0.0211328 0.0060715 -0.0158837 0.0119470 -0.0809669 -0.0899148 -0.0037554 -0.0005449 0.0162273 -0.0422292 -0.0099517 -0.1232755 -0.0068043 -0.0428355 -0.0342226 -0.0341363 0.0087348 -0.0744009 -0.0069128 -0.1092665 -0.2825730 -0.2856009 -0.2838847 -0.2786844 -0.2799173 -0.2800696 -0.2820405 -0.2826720 -0.2838032 -0.2849487 -0.2876647 -0.2860891 -0.2873727 -0.2881402 -0.2869320 -0.2865103 -0.2919469 -0.2871931
0.1408042 0.1456546 0.1498813 0.1405457 0.1527666 0.1501850 0.1558283 0.1577065 0.1851048 0.1839791 0.1868647 0.1903876 0.1916749 0.8974742 0.1449278 0.1431021 0.0373675 0.0620074 0.0684963 0.0585775 0.0509548 0.0774670 0.0593095 0.0581398 0.0681315 0.0568506 0.0660626 0.0562695 0.0577723 0.0507134 0.0605581 0.0494150 0.0623830 0.0569928 0.0493284 0.0694275 0.0599359 0.0574537 0.0670007 0.0656467 0.0550229 0.0435285 0.0487992 0.0528539 0.0657515 0.0588269 0.0475820 0.0298874 -0.0180237 0.0333232 0.0176791 0.0053019 0.0129103 0.0270161 0.0179152 0.0080482 -0.0090603 0.0065433 0.0315567 0.0163974 0.0304545 0.0156110 0.0145017 0.0335798 0.0162210 0.0288878 0.0036365 0.0312900 -0.0004707 0.0484759 0.0041520 -0.0146041 -0.0045035 0.0317710 0.0171142 0.0209282 0.0069297 -0.0158319 0.0101198 -0.0787157 -0.0880362 -0.0068211 0.0007106 0.0131952 -0.0420190 -0.0098371 -0.1216227 -0.0069542 -0.0420904 -0.0238583 -0.0240813 0.0113796 -0.0736248 -0.0020734 -0.1073508 -0.2779027 -0.2802445 -0.2788479 -0.2762890 -0.2766553 -0.2752731 -0.2780295 -0.2779014 -0.2794505 -0.2797815 -0.2822266 -0.2822618 -0.2808137 -0.2831712 -0.2824873 -0.2820240 -0.2853558 -0.2830771
0.1344460 0.1372429 0.1421204 0.1330280 0.1419788 0.1411732 0.1413620 0.1463493 0.1486845 0.1413459 0.1483760 0.1457480 0.1448496 0.1449278 0.8757318 0.1386558 0.0286414 0.0485979 0.0535280 0.0421059 0.0387694 0.0654271 0.0448882 0.0440805 0.0700998 0.0671061 0.0749945 0.0608515 0.0629847 0.0606765 0.0713309 0.0565256 0.0714074 0.0589290 0.0590179 0.0715007 0.0628781 0.0664543 0.0711638 0.0692840 0.0588849 0.0502213 0.0526902 0.0557839 0.0659103 0.0665984 0.0481455 0.0351549 -0.0141735 0.0374455 0.0234513 0.0103824 0.0175241 0.0361347 0.0274435 0.0084269 0.0016230 0.0159264 0.0403190 0.0245354 0.0394564 0.0262540 0.0229816 0.0349547 0.0228683 0.0361487 0.0152421 0.0365583 0.0096611 0.0551910 0.0159977 -0.0015255 0.0031236 0.0333234 0.0213458 0.0233121 0.0103026 -0.0122500 0.0156826 -0.0680627 -0.0781057 0.0089480 0.0141253 0.0224027 -0.0287342 -0.0013351 -0.1211720 0.0017911 -0.0345213 -0.0259373 -0.0259763 0.0139475 -0.0661741 0.0008381 -0.1005495 -0.2781051 -0.2829697 -0.2824471 -0.2787445 -0.2784607 -0.2767093 -0.2810010 -0.2809553 -0.2812451 -0.2843723 -0.2849192 -0.2848567 -0.2846675 -0.2848182 -0.2856262 -0.2851881 -0.2882995 -0.2859281
0.1366696 0.1413841 0.1442591 0.1361610 0.1474500 0.1462457 0.1487761 0.1492435 0.1539056 0.1485555 0.1502641 0.1557775 0.1494473 0.1431021 0.1386558 0.8780544 0.0257448 0.0508971 0.0541693 0.0483619 0.0399550 0.0626627 0.0469801 0.0468297 0.0737548 0.0716656 0.0767411 0.0620753 0.0660178 0.0625429 0.0733698 0.0639132 0.0780453 0.0588186 0.0591935 0.0768009 0.0632330 0.0668898 0.0726506 0.0684724 0.0629645 0.0535736 0.0569666 0.0532462 0.0665621 0.0690243 0.0543535 0.0301038 -0.0135048 0.0357217 0.0224685 0.0108949 0.0158065 0.0375342 0.0255998 0.0076139 -0.0003544 0.0150177 0.0396755 0.0248029 0.0433791 0.0283547 0.0268526 0.0356219 0.0227152 0.0403318 0.0153490 0.0323768 0.0080014 0.0557840 0.0181115 -0.0033253 0.0032051 0.0366824 0.0201668 0.0296712 0.0129642 -0.0144894 0.0155288 -0.0693332 -0.0793490 0.0093280 0.0090214 0.0194798 -0.0292897 -0.0016823 -0.1214858 0.0010935 -0.0357186 -0.0359996 -0.0367222 0.0146900 -0.0491072 -0.0016480 -0.1044126 -0.2833427 -0.2866316 -0.2853132 -0.2795558 -0.2823395 -0.2796034 -0.2829104 -0.2840723 -0.2856586 -0.2870995 -0.2888771 -0.2888135 -0.2886177 -0.2897704 -0.2893924 -0.2894222 -0.2923102 -0.2892047
0.0301377 0.0267811 0.0347402 0.0296360 0.0337888 0.0353272 0.0313462 0.0356564 0.0363879 0.0338684 0.0402044 0.0378075 0.0317752 0.0373675 0.0286414 0.0257448 0.9752911 0.0423332 0.0472415 0.0548652 0.0602216 0.0356261 0.0473717 0.0571451 -0.0100820 -0.0168529 -0.0125331 -0.0087995 -0.0179441 -0.0184009 -0.0204376 -0.0209994 -0.0248683 -0.0091102 -0.0123575 -0.0162559 -0.0138266 -0.0166365 -0.0173258 -0.0170003 0.0019933 -0.0080537 -0.0299384 -0.0119551 -0.0101311 -0.0054721 -0.0059569 -0.0503114 -0.0085243 -0.0270797 -0.0246657 -0.0026258 -0.0430636 -0.0051138 -0.0128101 -0.0166926 -0.0191568 -0.0238006 -0.0478225 -0.0216841 -0.0430863 -0.0545244 -0.0539219 -0.0310112 -0.0334652 -0.0133335 -0.0265135 -0.0487739 -0.0216802 -0.0193314 -0.0206070 -0.0102018 -0.0153821 -0.0155161 -0.0251980 -0.0198340 -0.0168272 -0.0341054 -0.0164461 -0.0133082 -0.0128515 -0.0189723 -0.0106182 -0.0218176 -0.0165760 -0.0246366 0.0027729 -0.0234091 -0.0185905 -0.0875343 -0.0878789 -0.0375788 -0.0038451 -0.0122183 -0.0151050 0.0115414 0.0116016 0.0122335 0.0137943 0.0118216 0.0119073 0.0124282 0.0139622 0.0128101 0.0135527 0.0121122 0.0109344 0.0119508 0.0111067 0.0115942 0.0128880 0.0043070 0.0107412
0.0526982 0.0562874 0.0553383 0.0526999 0.0622947 0.0566577 0.0579994 0.0589978 0.0609506 0.0597747 0.0662469 0.0655125 0.0604163 0.0620074 0.0485979 0.0508971 0.0423332 0.9517174 0.0675032 0.0658743 0.0571327 0.0625999 0.0609527 0.0569056 0.0005468 -0.0104854 -0.0029570 -0.0084491 -0.0049777 -0.0140169 -0.0099938 -0.0165442 -0.0078255 0.0059666 -0.0108787 -0.0072398 -0.0045777 -0.0048738 -0.0026287 -0.0065732 0.0034466 -0.0182218 -0.0088268 0.0010987 0.0074481 -0.0072561 -0.0088060 -0.0205691 -0.0163748 -0.0107890 -0.0086106 -0.0227358 -0.0192531 -0.0038134 -0.0244607 -0.0145491 -0.0242953 -0.0161210 -0.0302463 -0.0178242 -0.0351650 -0.0454380 -0.0461668 -0.0120837 -0.0185937 -0.0172315 -0.0261952 -0.0202071 -0.0318977 -0.0100438 -0.0249371 -0.0206440 -0.0169743 -0.0056533 -0.0160552 -0.0070973 -0.0202512 -0.0148519 -0.0082167 -0.0301513 -0.0372347 -0.0258900 -0.0134134 -0.0188678 -0.0236317 -0.0169173 -0.0263893 -0.0226564 -0.0241044 -0.0167397 -0.0161749 -0.0150537 -0.0166702 -0.0270718 -0.0251204 -0.0450389 -0.0479753 -0.0469761 -0.0428898 -0.0448153 -0.0449895 -0.0469043 -0.0461544 -0.0443754 -0.0440146 -0.0475954 -0.0487948 -0.0496140 -0.0482241 -0.0470317 -0.0477304 -0.0530123 -0.0461310
0.0550709 0.0596185 0.0645843 0.0574102 0.0654141 0.0633820 0.0654670 0.0701417 0.0662374 0.0629485 0.0744868 0.0706462 0.0653796 0.0684963 0.0535280 0.0541693 0.0472415 0.0675032 0.9676285 0.0719665 0.0713517 0.0738292 0.0652041 0.0651843 -0.0036765 -0.0064272 -0.0002939 -0.0103606 -0.0108343 -0.0180111 -0.0123465 -0.0214076 -0.0111253 0.0053190 -0.0177550 -0.0041003 -0.0083609 -0.0078811 -0.0040249 -0.0025069 -0.0007303 -0.0183551 -0.0144346 -0.0049547 0.0142676 -0.0076214 -0.0136392 -0.0188476 -0.0137534 -0.0074493 -0.0090791 -0.0250342 -0.0118480 -0.0080770 -0.0211301 -0.0092885 -0.0302163 -0.0216117 -0.0288497 -0.0157441 -0.0327235 -0.0390078 -0.0382619 -0.0077975 -0.0228067 -0.0233447 -0.0313749 -0.0169050 -0.0433594 -0.0119670 -0.0369699 -0.0357968 -0.0230763 -0.0056596 -0.0192982 -0.0169582 -0.0208005 -0.0208844 -0.0148273 -0.0333821 -0.0369667 -0.0389673 -0.0157518 -0.0282652 -0.0352340 -0.0260737 -0.0322008 -0.0249287 -0.0387512 -0.0096282 -0.0101371 -0.0195973 -0.0223375 -0.0306037 -0.0355767 -0.0429502 -0.0451310 -0.0457671 -0.0423467 -0.0415038 -0.0430919 -0.0436243 -0.0423795 -0.0448170 -0.0403194 -0.0445714 -0.0463906 -0.0441143 -0.0439753 -0.0457038 -0.0434777 -0.0467105 -0.0460759
0.0511274 0.0538565 0.0519749 0.0492710 0.0602035 0.0534225 0.0579350 0.0590435 0.0609465 0.0617721 0.0667770 0.0641806 0.0589500 0.0585775 0.0421059 0.0483619 0.0548652 0.0658743 0.0719665 1.0101192 0.0660850 0.0950145 0.0916495 0.0703082 -0.0225800 -0.0207747 -0.0191337 -0.0246148 -0.0271037 -0.0361070 -0.0335330 -0.0411303 -0.0227920 -0.0002439 -0.0255017 -0.0195154 -0.0132019 -0.0180424 -0.0137611 -0.0190282 -0.0179726 -0.0317497 -0.0278117 -0.0176378 -0.0027197 -0.0284829 -0.0329036 -0.0076104 -0.0185458 -0.0094062 -0.0013585 -0.0252388 0.0026210 -0.0232184 -0.0348117 -0.0339391 -0.0293245 -0.0179664 -0.0151153 -0.0145620 -0.0160527 -0.0161218 -0.0162165 -0.0211923 -0.0242425 -0.0489899 -0.0512953 -0.0078555 -0.0705562 -0.0222079 -0.0558999 -0.0524432 -0.0299626 -0.0011700 -0.0160219 -0.0317262 -0.0300296 -0.0181129 -0.0190864 -0.0436254 -0.0658046 -0.0568716 -0.0511698 -0.0252526 -0.0583730 -0.0385023 -0.0203299 -0.0243502 -0.0284519 0.0334786 0.0350337 -0.0268677 -0.0167759 -0.0648876 -0.0210451 -0.0136593 -0.0148902 -0.0150673 -0.0115514 -0.0096678 -0.0147879 -0.0144149 -0.0089737 -0.0106022 -0.0079916 -0.0100975 -0.0113089 -0.0089107 -0.0107191 -0.0083765 -0.0098354 -0.0125820 -0.0127975
0.0458749 0.0421937 0.0473162 0.0405261 0.0518590 0.0477619 0.0482071 0.0518440 0.0505688 0.0508704 0.0581823 0.0538296 0.0498883 0.0509548 0.0387694 0.0399550 0.0602216 0.0571327 0.0713517 0.0660850 1.0013649 0.0723737 0.0693118 0.0694960 -0.0197912 -0.0202619 -0.0122826 -0.0227828 -0.0258470 -0.0351038 -0.0252800 -0.0352636 -0.0305905 -0.0081232 -0.0284468 -0.0232147 -0.0280402 -0.0204011 -0.0204598 -0.0197104 -0.0071042 -0.0254830 -0.0320322 -0.0170798 -0.0071215 -0.0188607 -0.0224758 -0.0441867 -0.0146314 -0.0186561 -0.0231800 -0.0126013 -0.0234906 -0.0224554 -0.0369347 -0.0236465 -0.0329303 -0.0323519 -0.0463337 -0.0269067 -0.0448451 -0.0458382 -0.0478524 -0.0246836 -0.0356978 -0.0347577 -0.0404866 -0.0451140 -0.0475406 -0.0221419 -0.0372385 -0.0304643 -0.0259543 -0.0157326 -0.0257538 -0.0342201 -0.0264883 -0.0178074 -0.0256438 -0.0292643 -0.0344720 -0.0415561 -0.0314245 -0.0256688 -0.0380311 -0.0390271 -0.0004804 -0.0282733 -0.0231060 -0.0363660 -0.0369607 -0.0265261 -0.0058157 -0.0284956 -0.0204792 0.0100459 0.0123332 0.0126157 0.0143235 0.0136991 0.0117050 0.0116223 0.0140860 0.0129427 0.0150931 0.0116047 0.0117600 0.0136157 0.0110915 0.0137213 0.0126960 0.0068193 0.0126724
0.0710670 0.0697306 0.0726298 0.0674952 0.0793591 0.0713457 0.0732382 0.0786030 0.0742520 0.0740824 0.0818257 0.0807047 0.0755388 0.0774670 0.0654271 0.0626627 0.0356261 0.0625999 0.0738292 0.0950145 0.0723737 0.9949054 0.0841515 0.0808153 -0.0165250 -0.0064292 -0.0069368 -0.0093483 -0.0177786 -0.0274199 -0.0193185 -0.0304419 -0.0119280 0.0093330 -0.0161402 -0.0092567 -0.0092659 -0.0033766 -0.0064537 -0.0031811 -0.0070374 -0.0243587 -0.0133792 -0.0080152 0.0080966 -0.0177426 -0.0216094 -0.0001310 -0.0171880 -0.0065901 0.0064729 -0.0232595 0.0122800 -0.0202465 -0.0318422 -0.0255220 -0.0309875 -0.0119915 0.0018817 -0.0077391 -0.0061836 0.0011227 0.0005520 -0.0088894 -0.0261240 -0.0449917 -0.0531580 -0.0001751 -0.0656472 -0.0154428 -0.0572594 -0.0490050 -0.0277030 -0.0018873 -0.0139476 -0.0213306 -0.0209176 -0.0032019 0.0006977 -0.0519632 -0.0689790 -0.0549289 -0.0435123 -0.0168670 -0.0581616 -0.0330068 -0.0403997 -0.0251840 -0.0370874 0.0422860 0.0442715 -0.0233552 -0.0293505 -0.0524518 -0.0361698 -0.0569191 -0.0561758 -0.0592664 -0.0539929 -0.0541547 -0.0578946 -0.0538738 -0.0540674 -0.0562878 -0.0517647 -0.0540963 -0.0535492 -0.0517894 -0.0537395 -0.0510628 -0.0557122 -0.0567229 -0.0548238
0.0495225 0.0518008 0.0542905 0.0501701 0.0612815 0.0552956 0.0566505 0.0596239 0.0609183 0.0596202 0.0665476 0.0649050 0.0598665 0.0593095 0.0448882 0.0469801 0.0473717 0.0609527 0.0652041 0.0916495 0.0693118 0.0841515 0.9864682 0.0714664 -0.0187706 -0.0214548 -0.0180889 -0.0219305 -0.0240407 -0.0316045 -0.0235984 -0.0326154 -0.0230982 -0.0038493 -0.0253835 -0.0223915 -0.0207513 -0.0194932 -0.0186651 -0.0183184 -0.0060247 -0.0232349 -0.0270572 -0.0148227 -0.0075144 -0.0173952 -0.0255520 -0.0262806 -0.0258942 -0.0160558 -0.0072248 -0.0181858 -0.0152238 -0.0201080 -0.0360366 -0.0258945 -0.0359165 -0.0143024 -0.0179985 -0.0161685 -0.0224248 -0.0190042 -0.0182778 -0.0291169 -0.0368798 -0.0383489 -0.0515521 -0.0266612 -0.0608834 -0.0228048 -0.0554277 -0.0396379 -0.0331599 -0.0075349 -0.0249251 -0.0284808 -0.0243103 -0.0252992 -0.0157438 -0.0360786 -0.0538145 -0.0448329 -0.0394885 -0.0206941 -0.0455746 -0.0354303 -0.0193334 -0.0210704 -0.0279914 -0.0174422 -0.0168723 -0.0350615 -0.0161306 -0.0476465 -0.0220098 -0.0053226 -0.0033942 -0.0074411 -0.0001244 -0.0043210 -0.0029042 -0.0031372 -0.0016608 -0.0028843 0.0009421 -0.0036606 -0.0035900 -0.0009702 -0.0012353 -0.0000025 -0.0028181 -0.0066532 0.0004857
0.0538559 0.0487202 0.0526244 0.0513395 0.0585316 0.0535417 0.0506551 0.0532520 0.0563725 0.0583040 0.0615339 0.0590372 0.0553984 0.0581398 0.0440805 0.0468297 0.0571451 0.0569056 0.0651843 0.0703082 0.0694960 0.0808153 0.0714664 0.9721472 -0.0087438 -0.0046137 -0.0095928 -0.0089885 -0.0151366 -0.0222255 -0.0181112 -0.0212770 -0.0159241 0.0032204 -0.0201103 -0.0097911 -0.0088901 -0.0055552 -0.0048293 -0.0101044 -0.0004946 -0.0187844 -0.0185427 -0.0075789 0.0045024 -0.0096998 -0.0125042 -0.0205730 -0.0194008 -0.0105674 -0.0024507 -0.0125264 -0.0108027 -0.0146401 -0.0194904 -0.0208998 -0.0247748 -0.0178966 -0.0180037 -0.0205850 -0.0159934 -0.0188910 -0.0197747 -0.0187178 -0.0264301 -0.0338245 -0.0397077 -0.0199006 -0.0433125 -0.0098516 -0.0368859 -0.0284902 -0.0199241 -0.0094177 -0.0173942 -0.0174863 -0.0158168 -0.0112124 -0.0180470 -0.0377220 -0.0528574 -0.0415353 -0.0270598 -0.0206821 -0.0348199 -0.0322641 -0.0228315 -0.0277792 -0.0337504 0.0028029 0.0025222 -0.0260228 -0.0197870 -0.0366546 -0.0265791 -0.0347129 -0.0331087 -0.0363022 -0.0308137 -0.0306165 -0.0325806 -0.0310664 -0.0299327 -0.0310798 -0.0303047 -0.0324572 -0.0304561 -0.0341485 -0.0323570 -0.0307736 -0.0323885 -0.0354050 -0.0321442
0.0673332 0.0690372 0.0675767 0.0682626 0.0684521 0.0720800 0.0704102 0.0705761 0.0717935 0.0671000 0.0633885 0.0653543 0.0671212 0.0681315 0.0700998 0.0737548 -0.0100820 0.0005468 -0.0036765 -0.0225800 -0.0197912 -0.0165250 -0.0187706 -0.0087438 0.8482082 0.0786551 0.0841401 0.0938639 0.1054843 0.1190646 0.1197053 0.1029046 0.0851917 0.0565604 0.0708295 0.0864481 0.0735518 0.0707124 0.0724563 0.0795457 0.0587330 0.0616671 0.0694274 0.0604272 0.0634550 0.0752982 0.0633204 0.0405388 0.0005046 0.0371800 0.0182677 0.0270164 0.0161191 0.0467038 0.0428272 0.0294165 0.0226519 0.0228147 0.0435375 0.0324600 0.0375600 0.0219189 0.0214504 0.0510773 0.0446529 0.0716099 0.0552611 0.0428157 0.0660703 0.0707309 0.0578224 0.0312089 0.0200393 0.0376908 0.0351354 0.0447138 0.0274414 0.0016177 0.0203184 -0.0272373 -0.0365225 0.0462185 0.0450740 0.0422551 0.0073838 0.0266072 -0.1027431 0.0266676 -0.0069646 -0.0370419 -0.0394550 0.0392750 -0.0575877 0.0404053 -0.0826814 -0.2596643 -0.2657433 -0.2593426 -0.2596809 -0.2592610 -0.2577613 -0.2584580 -0.2631336 -0.2625424 -0.2688662 -0.2671560 -0.2673296 -0.2701437 -0.2704094 -0.2709311 -0.2673862 -0.2712179 -0.2694693
0.0641976 0.0660066 0.0648475 0.0633525 0.0628732 0.0671079 0.0662781 0.0669313 0.0631961 0.0617345 0.0580011 0.0585012 0.0621981 0.0568506 0.0671061 0.0716656 -0.0168529 -0.0104854 -0.0064272 -0.0207747 -0.0202619 -0.0064292 -0.0214548 -0.0046137 0.0786551 0.8560467 0.1116682 0.0705419 0.0848521 0.0784401 0.0872299 0.0817396 0.0856721 0.0568109 0.0657805 0.0857761 0.0704108 0.0695628 0.0735316 0.0783797 0.0567190 0.0661972 0.0655756 0.0513666 0.0552992 0.0747023 0.0630331 0.0507056 0.0000784 0.0465922 0.0306832 0.0224656 0.0358291 0.0484424 0.0525663 0.0175957 0.0277571 0.0304900 0.0698113 0.0429157 0.0822648 0.0687400 0.0677873 0.0517301 0.0444560 0.0557442 0.0390903 0.0510681 0.0436164 0.0668065 0.0430200 0.0230677 0.0243406 0.0424265 0.0451067 0.0403881 0.0335165 0.0026377 0.0296415 -0.0318861 -0.0414114 0.0468899 0.0320906 0.0475029 0.0045050 0.0320168 -0.1133088 0.0260204 -0.0117490 -0.0202614 -0.0206102 0.0367063 -0.0557599 0.0269198 -0.0779351 -0.2534590 -0.2604662 -0.2572729 -0.2541764 -0.2563226 -0.2532808 -0.2577506 -0.2588928 -0.2588169 -0.2632633 -0.2619451 -0.2629872 -0.2630486 -0.2620421 -0.2663503 -0.2634545 -0.2637042 -0.2641460
0.0678301 0.0714303 0.0727019 0.0699392 0.0708808 0.0728052 0.0727782 0.0718619 0.0713843 0.0673801 0.0653145 0.0680529 0.0723851 0.0660626 0.0749945 0.0767411 -0.0125331 -0.0029570 -0.0002939 -0.0191337 -0.0122826 -0.0069368 -0.0180889 -0.0095928 0.0841401 0.1116682 0.8508647 0.0774701 0.0815534 0.0887539 0.0871671 0.0890379 0.0817928 0.0565316 0.0672830 0.0807657 0.0751305 0.0681842 0.0733788 0.0782453 0.0595100 0.0653168 0.0678066 0.0581314 0.0587525 0.0725237 0.0657081 0.0456931 -0.0022476 0.0419102 0.0205544 0.0272736 0.0249225 0.0425823 0.0456790 0.0179699 0.0236851 0.0311047 0.0583862 0.0446011 0.0649365 0.0514993 0.0504333 0.0557024 0.0481468 0.0572699 0.0462545 0.0457850 0.0511698 0.0705894 0.0542349 0.0261125 0.0170388 0.0410124 0.0427128 0.0441232 0.0285413 -0.0006672 0.0264214 -0.0402707 -0.0427097 0.0483103 0.0363564 0.0414336 0.0092130 0.0280876 -0.1045484 0.0225086 -0.0108845 -0.0334578 -0.0350986 0.0345327 -0.0551540 0.0354224 -0.0776743 -0.2597233 -0.2655289 -0.2610658 -0.2578831 -0.2606714 -0.2567762 -0.2603339 -0.2613188 -0.2630648 -0.2665739 -0.2656079 -0.2680257 -0.2676725 -0.2681062 -0.2692130 -0.2667449 -0.2695631 -0.2678886
0.0526172 0.0562370 0.0595984 0.0583954 0.0552174 0.0579732 0.0589757 0.0574832 0.0593357 0.0571868 0.0543335 0.0554947 0.0572904 0.0562695 0.0608515 0.0620753 -0.0087995 -0.0084491 -0.0103606 -0.0246148 -0.0227828 -0.0093483 -0.0219305 -0.0089885 0.0938639 0.0705419 0.0774701 0.8623406 0.1071399 0.0911949 0.0890506 0.1030324 0.0686150 0.0505925 0.0599669 0.0788870 0.0713814 0.0638226 0.0674103 0.0615977 0.0636665 0.0674233 0.0642212 0.0503102 0.0522479 0.0775426 0.0725983 0.0439039 -0.0075611 0.0335941 0.0287140 0.0277722 0.0270542 0.0508309 0.0437807 0.0117925 0.0279122 0.0257231 0.0652269 0.0367082 0.0735843 0.0661292 0.0663114 0.0454591 0.0376702 0.0538862 0.0350256 0.0447136 0.0475479 0.0660541 0.0425276 0.0304183 0.0275184 0.0324704 0.0367195 0.0419585 0.0297635 -0.0037129 0.0203144 -0.0349289 -0.0377200 0.0449829 0.0328665 0.0411271 0.0014596 0.0254447 -0.0951910 0.0212577 -0.0195352 -0.0470472 -0.0484722 0.0221465 -0.0578774 0.0272581 -0.0773658 -0.2365404 -0.2417466 -0.2398271 -0.2351513 -0.2358473 -0.2335455 -0.2371609 -0.2395084 -0.2413083 -0.2465172 -0.2427396 -0.2442388 -0.2452431 -0.2437605 -0.2465898 -0.2436010 -0.2470916 -0.2466595
0.0565099 0.0599760 0.0586397 0.0589320 0.0567221 0.0611108 0.0595661 0.0586482 0.0594549 0.0564705 0.0551999 0.0554503 0.0588479 0.0577723 0.0629847 0.0660178 -0.0179441 -0.0049777 -0.0108343 -0.0271037 -0.0258470 -0.0177786 -0.0240407 -0.0151366 0.1054843 0.0848521 0.0815534 0.1071399 0.8569361 0.1011338 0.0956343 0.1103954 0.0753582 0.0542216 0.0633196 0.0790895 0.0689176 0.0692293 0.0725568 0.0699985 0.0594449 0.0582899 0.0649583 0.0530942 0.0525693 0.0715569 0.0613215 0.0463550 0.0076774 0.0375264 0.0279144 0.0176500 0.0292030 0.0498627 0.0464985 0.0182369 0.0268626 0.0324314 0.0638634 0.0386947 0.0744462 0.0626368 0.0619855 0.0531261 0.0423292 0.0607204 0.0442579 0.0459513 0.0494084 0.0681778 0.0479453 0.0301059 0.0223780 0.0395625 0.0397350 0.0417943 0.0308476 -0.0000582 0.0274678 -0.0310976 -0.0352984 0.0491744 0.0322292 0.0444910 0.0036970 0.0226192 -0.1021291 0.0197056 -0.0113532 -0.0327121 -0.0334560 0.0299825 -0.0574183 0.0303396 -0.0770427 -0.2446613 -0.2523557 -0.2482904 -0.2467424 -0.2473884 -0.2446678 -0.2478060 -0.2512098 -0.2509390 -0.2546238 -0.2552984 -0.2541245 -0.2559863 -0.2558373 -0.2570023 -0.2557030 -0.2568494 -0.2567924
0.0531094 0.0565697 0.0576935 0.0553645 0.0532698 0.0590248 0.0592648 0.0557484 0.0572639 0.0521519 0.0490960 0.0501466 0.0543007 0.0507134 0.0606765 0.0625429 -0.0184009 -0.0140169 -0.0180111 -0.0361070 -0.0351038 -0.0274199 -0.0316045 -0.0222255 0.1190646 0.0784401 0.0887539 0.0911949 0.1011338 0.8569716 0.1195427 0.1031665 0.0773436 0.0566986 0.0712704 0.0841956 0.0764661 0.0807504 0.0726995 0.0787377 0.0591401 0.0677346 0.0757072 0.0598229 0.0614884 0.0765099 0.0693059 0.0569087 0.0042522 0.0388218 0.0223291 0.0291780 0.0268274 0.0497250 0.0581406 0.0232949 0.0256171 0.0298619 0.0565053 0.0371824 0.0653485 0.0522730 0.0527077 0.0584629 0.0468490 0.0700805 0.0549021 0.0580200 0.0677125 0.0773569 0.0606018 0.0334036 0.0295489 0.0370562 0.0371927 0.0543923 0.0295082 0.0034906 0.0274632 -0.0282104 -0.0297167 0.0581185 0.0446670 0.0452341 0.0139637 0.0352963 -0.1053319 0.0286840 -0.0087472 -0.0326113 -0.0339886 0.0386011 -0.0549027 0.0407166 -0.0790502 -0.2560205 -0.2640288 -0.2583466 -0.2573183 -0.2579151 -0.2547350 -0.2575932 -0.2605046 -0.2603869 -0.2661643 -0.2649097 -0.2653871 -0.2652799 -0.2676215 -0.2669339 -0.2665403 -0.2681729 -0.2677513
0.0648070 0.0672782 0.0695211 0.0655618 0.0667571 0.0655824 0.0679774 0.0672773 0.0662021 0.0622263 0.0608915 0.0614270 0.0645115 0.0605581 0.0713309 0.0733698 -0.0204376 -0.0099938 -0.0123465 -0.0335330 -0.0252800 -0.0193185 -0.0235984 -0.0181112 0.1197053 0.0872299 0.0871671 0.0890506 0.0956343 0.1195427 0.8539699 0.1022731 0.0876697 0.0617497 0.0737292 0.0923256 0.0817204 0.0826104 0.0827757 0.0846645 0.0659184 0.0675551 0.0789135 0.0627499 0.0647676 0.0856065 0.0698541 0.0590198 -0.0021300 0.0502115 0.0277733 0.0349663 0.0324851 0.0519412 0.0589168 0.0284678 0.0237208 0.0288377 0.0661247 0.0387713 0.0590220 0.0443590 0.0442048 0.0546783 0.0522256 0.0707379 0.0568269 0.0600275 0.0654714 0.0838898 0.0593194 0.0290853 0.0278481 0.0457688 0.0455922 0.0459180 0.0311801 0.0030899 0.0275583 -0.0301637 -0.0378336 0.0527506 0.0441564 0.0484358 0.0093585 0.0326374 -0.1103682 0.0309353 -0.0077819 -0.0212992 -0.0221515 0.0432830 -0.0643045 0.0500146 -0.0854883 -0.2761261 -0.2829791 -0.2760950 -0.2762028 -0.2763506 -0.2731190 -0.2773191 -0.2793311 -0.2808435 -0.2848149 -0.2842605 -0.2842641 -0.2848281 -0.2861074 -0.2858695 -0.2864226 -0.2865581 -0.2855527
0.0499987 0.0555052 0.0533732 0.0527263 0.0508861 0.0536494 0.0544672 0.0537461 0.0561006 0.0508433 0.0455151 0.0491695 0.0530222 0.0494150 0.0565256 0.0639132 -0.0209994 -0.0165442 -0.0214076 -0.0411303 -0.0352636 -0.0304419 -0.0326154 -0.0212770 0.1029046 0.0817396 0.0890379 0.1030324 0.1103954 0.1031665 0.1022731 0.8604299 0.0823595 0.0514224 0.0639195 0.0876845 0.0738418 0.0674817 0.0737726 0.0694959 0.0600000 0.0700961 0.0642763 0.0535805 0.0537451 0.0813615 0.0709295 0.0366967 -0.0033386 0.0371343 0.0178925 0.0361905 0.0153551 0.0565246 0.0539524 0.0244148 0.0279006 0.0336859 0.0562414 0.0448322 0.0691910 0.0621740 0.0621967 0.0441137 0.0386859 0.0667992 0.0572539 0.0379030 0.0638938 0.0731697 0.0658197 0.0405148 0.0272822 0.0331463 0.0356724 0.0541613 0.0372453 -0.0033007 0.0229367 -0.0240136 -0.0267912 0.0590825 0.0382788 0.0451479 0.0135222 0.0318761 -0.0916901 0.0206138 -0.0069209 -0.0756937 -0.0767104 0.0283511 -0.0465123 0.0489840 -0.0754270 -0.2429025 -0.2481760 -0.2427015 -0.2425226 -0.2422622 -0.2400845 -0.2434281 -0.2458856 -0.2461378 -0.2500956 -0.2492882 -0.2515088 -0.2523857 -0.2533253 -0.2533515 -0.2524624 -0.2537268 -0.2521263
0.0668203 0.0666578 0.0688642 0.0679305 0.0663285 0.0699968 0.0706878 0.0705206 0.0680356 0.0662228 0.0618241 0.0638112 0.0683364 0.0623830 0.0714074 0.0780453 -0.0248683 -0.0078255 -0.0111253 -0.0227920 -0.0305905 -0.0119280 -0.0230982 -0.0159241 0.0851917 0.0856721 0.0817928 0.0686150 0.0753582 0.0773436 0.0876697 0.0823595 0.8539393 0.0635879 0.0787740 0.0976068 0.0782832 0.0873797 0.0912099 0.0902169 0.0609765 0.0702118 0.0815728 0.0637979 0.0659747 0.0726311 0.0642103 0.0722511 0.0045451 0.0596299 0.0366683 0.0241231 0.0415141 0.0494186 0.0544760 0.0267308 0.0298273 0.0333262 0.0767305 0.0417276 0.0740278 0.0634913 0.0620917 0.0654051 0.0581102 0.0659309 0.0542235 0.0709266 0.0555811 0.0764455 0.0537153 0.0267278 0.0243481 0.0516954 0.0481062 0.0460282 0.0350319 0.0117248 0.0306270 -0.0326124 -0.0402737 0.0468390 0.0388982 0.0478681 0.0071691 0.0373654 -0.1189230 0.0359786 -0.0047412 0.0051754 0.0045465 0.0435825 -0.0663095 0.0313736 -0.0738603 -0.2813697 -0.2843007 -0.2822450 -0.2814200 -0.2806942 -0.2782606 -0.2806057 -0.2844747 -0.2849562 -0.2902425 -0.2886540 -0.2896155 -0.2896159 -0.2906765 -0.2911472 -0.2885831 -0.2893251 -0.2904052
0.0572140 0.0590545 0.0593668 0.0579894 0.0585872 0.0578643 0.0607722 0.0601818 0.0583040 0.0566494 0.0555346 0.0565201 0.0578435 0.0569928 0.0589290 0.0588186 -0.0091102 0.0059666 0.0053190 -0.0002439 -0.0081232 0.0093330 -0.0038493 0.0032204 0.0565604 0.0568109 0.0565316 0.0505925 0.0542216 0.0566986 0.0617497 0.0514224 0.0635879 0.9267555 0.0515631 0.0616645 0.0556901 0.0572785 0.0597798 0.0585686 0.0420620 0.0425170 0.0567181 0.0445868 0.0481531 0.0497935 0.0445950 0.0568870 0.0069354 0.0430400 0.0307299 0.0133910 0.0360802 0.0313484 0.0371757 0.0192755 0.0192897 0.0225604 0.0493129 0.0290945 0.0474991 0.0390464 0.0385174 0.0489328 0.0433452 0.0422360 0.0336547 0.0576529 0.0340416 0.0524585 0.0340986 0.0123823 0.0188063 0.0369889 0.0356709 0.0286892 0.0213914 0.0139018 0.0245025 -0.0272441 -0.0334435 0.0259783 0.0263054 0.0327410 0.0030458 0.0210204 -0.0854079 0.0244810 -0.0034698 0.0399131 0.0393711 0.0354997 -0.0470456 0.0223643 -0.0552016 -0.1992462 -0.2035665 -0.2008963 -0.1996776 -0.1988707 -0.1972048 -0.1992061 -0.2015098 -0.2029196 -0.2065104 -0.2053115 -0.2065948 -0.2061825 -0.2071542 -0.2082987 -0.2068316 -0.2080774 -0.2071549
