0.1436256 0.0276670 0.7930804 0.0000996 0.0355275
0.1382180 0.0170843 0.8072793 0.0000993 0.0373190
0.1221947 0.0110198 0.8445455 0.0000994 0.0221407
0.1591771 0.0325080 0.7638489 0.0000993 0.0443667
0.0901957 0.0130250 0.8737683 0.0000996 0.0229114
0.1275749 0.0000996 0.8569999 0.0000996 0.0152259
0.1085642 0.0119754 0.8725801 0.0000993 0.0067810
0.1144481 0.0070652 0.8778929 0.0000994 0.0004943
0.1263933 0.0000996 0.8730075 0.0000996 0.0003999
0.1107973 0.0018574 0.8823807 0.0000999 0.0048648
0.0859027 0.0099413 0.9010047 0.0030514 0.0001000
0.0852316 0.0001000 0.9144685 0.0001000 0.0001000
0.1069438 0.0000997 0.8817190 0.0000997 0.0111378
0.1045388 0.0111615 0.8820358 0.0000998 0.0021641
0.2164930 0.0118504 0.7328140 0.0000992 0.0387434
0.2128558 0.0000992 0.7440438 0.0000992 0.0429021
0.1973432 0.0001000 0.5640983 0.2383584 0.0001000
0.0994593 0.0406708 0.6726560 0.1871138 0.0001000
0.0249385 0.0529889 0.7313920 0.1905806 0.0001000
0.0000997 0.1110590 0.6749392 0.1996892 0.0142128
0.0243760 0.0073883 0.7207139 0.2474218 0.0001000
0.0000997 0.1194387 0.6914085 0.1594669 0.0295862
0.0000999 0.0329980 0.7185465 0.2249838 0.0233719
0.0061094 0.0681025 0.7004464 0.1991314 0.0262102
0.6680419 0.0020158 0.2367397 0.0000990 0.0931037
0.5594801 0.0331973 0.2097006 0.0000987 0.1975233
0.5870248 0.0098684 0.2494689 0.0000989 0.1535390
0.5954539 0.0000999 0.1974404 0.0000999 0.2069059
0.6126630 0.0130689 0.1847020 0.0000992 0.1894669
0.6932935 0.0139687 0.1320098 0.0000988 0.1606292
0.6620989 0.0264831 0.1719435 0.0000979 0.1393766
0.6970140 0.0000994 0.1198283 0.0000994 0.1829589
0.5789675 0.0721158 0.1793711 0.0000973 0.1694483
0.4589643 0.1193099 0.2706925 0.0191258 0.1319074
0.6182579 0.0648756 0.1691772 0.0000997 0.1475897
0.5818610 0.0327110 0.2138976 0.0000978 0.1714326
0.5597967 0.0635806 0.2026411 0.0000987 0.1738829
0.5439584 0.1136440 0.2016235 0.0000984 0.1406756
0.5200034 0.0889586 0.2316456 0.0000979 0.1592946
0.5538495 0.0790790 0.2168444 0.0000983 0.1501288
0.5176212 0.0001000 0.2840272 0.0301075 0.1681441
0.5619491 0.0001000 0.1612542 0.0214352 0.2552614
0.5710606 0.1442622 0.1274705 0.0000984 0.1571083
0.5909605 0.0899504 0.2496044 0.0215950 0.0478897
0.4733717 0.0830986 0.3317684 0.0087966 0.1029647
0.5919537 0.0000999 0.2143802 0.0000999 0.1934663
0.6179723 0.0001000 0.1860687 0.0217816 0.1740774
0.3795071 0.3434411 0.0314785 0.0000978 0.2454756
0.5532220 0.1650788 0.1116118 0.1684777 0.0016096
0.4801979 0.2023221 0.1680971 0.0208145 0.1285683
0.3329059 0.1894179 0.1627336 0.0694894 0.2454533
0.5640774 0.0001001 0.1626702 0.1395263 0.1336261
0.3047481 0.2829917 0.1163488 0.0420012 0.2539102
0.6165121 0.0007472 0.1955398 0.0751062 0.1120946
0.6772994 0.0739960 0.0693620 0.0454497 0.1338929
0.6008990 0.1201744 0.1567407 0.1220722 0.0001137
0.5146387 0.0765655 0.0461679 0.1156390 0.2469890
0.4605255 0.0800843 0.1191330 0.1023865 0.2378707
0.1799271 0.0875521 0.0401637 0.0000993 0.6922578
0.4262479 0.0359883 0.1214024 0.0738562 0.3425053
0.0893548 0.0068608 0.0253176 0.0007565 0.8777103
0.0000998 0.0000998 0.0000998 0.0213519 0.9783486
0.0000998 0.0000998 0.0000998 0.0230272 0.9766732
0.5097757 0.2409570 0.1160306 0.0000998 0.1331370
0.6108382 0.2336145 0.0433168 0.0177540 0.0944764
0.8683091 0.0168911 0.0802131 0.0344867 0.0001000
0.8697167 0.0659415 0.0001001 0.0641417 0.0001001
0.3842605 0.3399436 0.0360446 0.0000977 0.2396536
0.9269308 0.0121554 0.0001001 0.0607136 0.0001001
0.6249617 0.0673525 0.1739388 0.0000995 0.1336476
0.9089343 0.0270368 0.0001000 0.0638288 0.0001000
0.7509859 0.0001001 0.0229874 0.1425022 0.0834244
0.5988551 0.0934631 0.0771419 0.1195223 0.1110175
0.4851833 0.1193733 0.1977201 0.0481748 0.1495485
0.4971603 0.1280527 0.0961786 0.0500870 0.2285213
0.5352908 0.0001001 0.1302473 0.0803259 0.2540359
0.5126513 0.0058302 0.1105602 0.1082060 0.2627522
0.3945588 0.2477533 0.0785987 0.1346510 0.1444381
0.4551565 0.1020638 0.1475720 0.0965732 0.1986345
0.6270356 0.0671975 0.0001002 0.3055666 0.0001002
0.6599101 0.0113185 0.0001002 0.3285709 0.0001002
0.7540752 0.0001001 0.0001001 0.0866202 0.1591045
0.7658675 0.0691718 0.0580146 0.0948743 0.0120718
0.5387665 0.0526264 0.0833572 0.0622747 0.2629752
0.7594573 0.0565395 0.0001001 0.1838029 0.0001001
0.6871567 0.0654834 0.0149418 0.1116341 0.1207840
0.3408776 0.0001000 0.0858971 0.5345642 0.0385611
0.5846248 0.1478581 0.0409932 0.0970150 0.1295090
0.5879808 0.1491627 0.0183573 0.2095504 0.0349488
0.0001000 0.9849911 0.0001000 0.0147091 0.0001000
0.0001000 0.9834446 0.0001000 0.0162556 0.0001000
0.6487445 0.2218818 0.0631740 0.0520786 0.0141210
0.4211628 0.0001000 0.1430048 0.3869082 0.0488241
0.8500462 0.0415012 0.0001001 0.1082524 0.0001001
0.4029719 0.1359217 0.0061051 0.4139200 0.0410813
0.0136236 0.0034608 0.0001000 0.9827155 0.0001000
0.0012293 0.0011095 0.0001000 0.9944384 0.0031229
0.0145727 0.0001000 0.0001000 0.9851272 0.0001000
0.0159338 0.0001000 0.0001000 0.9837662 0.0001000
0.0092837 0.0099809 0.0001000 0.9805353 0.0001000
0.0232697 0.0001000 0.0001000 0.9764302 0.0001000
0.0113188 0.0056262 0.0001000 0.9828549 0.0001000
0.0075233 0.0023438 0.0001000 0.9899328 0.0001000
0.0078853 0.0001000 0.0001000 0.9918147 0.0001000
0.0000999 0.0000999 0.0000999 0.9981625 0.0015377
0.0001000 0.0001000 0.0001000 0.9967769 0.0029231
0.0001000 0.0002017 0.0001000 0.9994594 0.0001389
0.0001000 0.0001000 0.0001000 0.9978495 0.0018506
0.0001000 0.0001391 0.0001000 0.9995610 0.0001000
0.0000999 0.0000999 0.0000999 0.9985327 0.0011676
0.0000999 0.0000999 0.0000999 0.9977599 0.0019403
0.0000999 0.0013564 0.0000999 0.9983438 0.0000999
0.0000999 0.0000999 0.0000999 0.9980308 0.0016694
