0.8786004 0.1776697 0.1439494 0.1645553 0.1488842 0.1434391 0.1469751 0.1524679 0.1470705 0.1434382 0.1442496 0.1517316 0.1420736 0.1402099 0.1345863 0.1373174 0.0321173 0.0517077 0.0534280 0.0480787 0.0447428 0.0679644 0.0475496 0.0518866 0.0708121 0.0658684 0.0703479 0.0556261 0.0591619 0.0564880 0.0674600 0.0558268 0.0679613 0.0546701 0.0536398 0.0709987 0.0620959 0.0604177 0.0691020 0.0638423 0.0551931 0.0486005 0.0492841 0.0488032 0.0639909 0.0620814 0.0510776 0.0337292 -0.0157519 0.0344405 0.0179735 0.0097068 0.0143507 0.0323509 0.0202745 0.0074427 -0.0015510 0.0081659 0.0403459 0.0220672 0.0437226 0.0270321 0.0254525 0.0378552 0.0152877 0.0367552 0.0084318 0.0349565 0.0053696 0.0525945 0.0125939 -0.0062024 -0.0018074 0.0336551 0.0177214 0.0215370 0.0137873 -0.0126394 0.0118411 -0.0718477 -0.0810886 0.0031117 0.0055360 0.0193633 -0.0322992 -0.0065847 -0.1213765 -0.0006173 -0.0369671 -0.0326152 -0.0330152 0.0105263 -0.0667674 -0.0020179 -0.1048300 -0.2736530 -0.2765943 -0.2755396 -0.2735257 -0.2734254 -0.2722833 -0.2729166 -0.2739946 -0.2752818 -0.2770722 -0.2793342 -0.2781295 -0.2779746 -0.2790804 -0.2793151 -0.2782055 -0.2819268 -0.2777716
0.1776697 0.8863215 0.1470540 0.1744134 0.1510522 0.1502320 0.1523757 0.1549183 0.1499526 0.1477114 0.1504553 0.1538762 0.1508536 0.1455999 0.1377132 0.1422740 0.0288177 0.0558887 0.0586223 0.0517192 0.0416333 0.0676323 0.0503920 0.0473351 0.0722241 0.0672554 0.0735693 0.0586320 0.0621133 0.0594322 0.0696106 0.0605406 0.0676198 0.0566053 0.0540392 0.0727363 0.0628558 0.0642568 0.0725612 0.0675265 0.0584616 0.0499550 0.0504327 0.0531032 0.0653355 0.0642362 0.0480594 0.0312188 -0.0163543 0.0394180 0.0182863 0.0090708 0.0155337 0.0316306 0.0211016 0.0075884 -0.0037902 0.0098704 0.0420013 0.0237891 0.0425785 0.0291166 0.0280639 0.0385460 0.0191676 0.0382253 0.0122631 0.0329320 0.0050585 0.0541052 0.0131405 -0.0066008 -0.0014488 0.0333343 0.0186491 0.0268884 0.0115053 -0.0142961 0.0142770 -0.0757429 -0.0826568 0.0028278 0.0055161 0.0175020 -0.0360256 -0.0050782 -0.1242447 0.0023770 -0.0385574 -0.0345334 -0.0363503 0.0124206 -0.0698028 0.0016491 -0.1059436 -0.2821349 -0.2860360 -0.2836888 -0.2816096 -0.2823700 -0.2821304 -0.2812519 -0.2856095 -0.2848243 -0.2865327 -0.2863008 -0.2887227 -0.2865357 -0.2878688 -0.2871718 -0.2874410 -0.2911001 -0.2870476
0.1439494 0.1470540 0.8817580 0.1434407 0.1887887 0.1827373 0.2003445 0.1900927 0.1538230 0.1522853 0.1532631 0.1563607 0.1528646 0.1495532 0.1424153 0.1449242 0.0363724 0.0546224 0.0633176 0.0499287 0.0464034 0.0706773 0.0527880 0.0512354 0.0705589 0.0662402 0.0748649 0.0621234 0.0608397 0.0604130 0.0717166 0.0584077 0.0699706 0.0569262 0.0562290 0.0761001 0.0669135 0.0611108 0.0717109 0.0697086 0.0626340 0.0531067 0.0486182 0.0504188 0.0686009 0.0684359 0.0506760 0.0305180 -0.0202393 0.0336956 0.0211059 0.0078120 0.0158533 0.0319460 0.0202130 0.0071866 -0.0013976 0.0074786 0.0372135 0.0219265 0.0419200 0.0253616 0.0255960 0.0328767 0.0131948 0.0315252 0.0082179 0.0314792 0.0030335 0.0504544 0.0111536 -0.0062356 -0.0026515 0.0348205 0.0203902 0.0230713 0.0106975 -0.0164933 0.0129509 -0.0794700 -0.0898980 0.0024612 0.0071046 0.0168526 -0.0372508 -0.0052985 -0.1236608 -0.0067876 -0.0413697 -0.0354219 -0.0364673 0.0096441 -0.0723109 -0.0020466 -0.1108266 -0.2848093 -0.2888189 -0.2875038 -0.2833926 -0.2836275 -0.2828126 -0.2845456 -0.2852735 -0.2876368 -0.2892550 -0.2900161 -0.2908802 -0.2896218 -0.2900822 -0.2908276 -0.2900942 -0.2939827 -0.2912030
0.1645553 0.1744134 0.1434407 0.8866190 0.1437911 0.1438965 0.1433848 0.1495181 0.1452660 0.1393452 0.1446617 0.1458838 0.1394842 0.1399617 0.1332051 0.1368127 0.0317632 0.0517367 0.0557625 0.0459969 0.0394324 0.0642405 0.0480427 0.0492818 0.0719248 0.0649762 0.0725279 0.0614654 0.0615900 0.0588318 0.0683449 0.0586030 0.0691311 0.0554909 0.0553798 0.0704638 0.0631826 0.0645789 0.0702327 0.0667153 0.0581001 0.0515158 0.0546768 0.0530627 0.0671309 0.0641463 0.0493905 0.0339897 -0.0146749 0.0374186 0.0225337 0.0085840 0.0158426 0.0326008 0.0244529 0.0076954 0.0001154 0.0117584 0.0418957 0.0258479 0.0418030 0.0280332 0.0282928 0.0390572 0.0203004 0.0348531 0.0089282 0.0363072 0.0059942 0.0549737 0.0136713 -0.0025745 -0.0018538 0.0343532 0.0210327 0.0237928 0.0130259 -0.0115818 0.0138850 -0.0730599 -0.0808881 0.0047434 0.0104648 0.0209728 -0.0337774 -0.0058829 -0.1226327 0.0006088 -0.0378470 -0.0312178 -0.0309011 0.0141756 -0.0681930 0.0006228 -0.1028716 -0.2765864 -0.2793897 -0.2767884 -0.2746392 -0.2765760 -0.2744367 -0.2755423 -0.2776473 -0.2783256 -0.2812167 -0.2808156 -0.2815992 -0.2811446 -0.2810718 -0.2809111 -0.2800438 -0.2849927 -0.2795261
0.1488842 0.1510522 0.1887887 0.1437911 0.8942940 0.1974259 0.2021879 0.1996294 0.1563079 0.1539047 0.1558901 0.1601863 0.1546533 0.1520638 0.1421192 0.1481072 0.0359905 0.0612426 0.0636105 0.0566893 0.0505402 0.0759148 0.0588922 0.0562720 0.0724781 0.0646468 0.0737228 0.0584576 0.0595838 0.0569959 0.0697909 0.0571999 0.0677241 0.0560320 0.0509538 0.0735691 0.0622183 0.0614562 0.0727387 0.0655574 0.0641811 0.0512377 0.0465398 0.0511557 0.0676863 0.0640102 0.0507047 0.0252728 -0.0183960 0.0342686 0.0171126 0.0106214 0.0116619 0.0318306 0.0174770 0.0050089 -0.0047632 0.0066854 0.0358041 0.0157324 0.0401627 0.0267053 0.0233686 0.0330840 0.0156302 0.0339903 0.0059121 0.0262239 0.0011066 0.0542980 0.0082696 -0.0101122 -0.0063487 0.0335693 0.0186595 0.0230861 0.0088594 -0.0188130 0.0113448 -0.0806515 -0.0917803 0.0000686 0.0024186 0.0147268 -0.0372847 -0.0068145 -0.1234683 -0.0065243 -0.0410989 -0.0386832 -0.0392319 0.0092864 -0.0711573 -0.0074372 -0.1077815 -0.2830564 -0.2851506 -0.2832695 -0.2800623 -0.2813446 -0.2801134 -0.2813755 -0.2819642 -0.2824823 -0.2849435 -0.2874891 -0.2873691 -0.2865430 -0.2876477 -0.2867338 -0.2863886 -0.2915266 -0.2861414
0.1434391 0.1502320 0.1827373 0.1438965 0.1974259 0.8905303 0.1954713 0.1934822 0.1541757 0.1523888 0.1541984 0.1600407 0.1514870 0.1502694 0.1415223 0.1469171 0.0362009 0.0563818 0.0629550 0.0533688 0.0472716 0.0716331 0.0549260 0.0531561 0.0736929 0.0678460 0.0739526 0.0594546 0.0623289 0.0604974 0.0667712 0.0567322 0.0706837 0.0557572 0.0506047 0.0712986 0.0595067 0.0575975 0.0665328 0.0660566 0.0616960 0.0504940 0.0502306 0.0499919 0.0677230 0.0639099 0.0504803 0.0258581 -0.0187398 0.0322596 0.0147351 0.0103417 0.0128090 0.0321324 0.0167420 0.0078189 -0.0078306 0.0059132 0.0347415 0.0180842 0.0401941 0.0236155 0.0227739 0.0354291 0.0152436 0.0349255 0.0062927 0.0268181 0.0045401 0.0536337 0.0069328 -0.0095376 -0.0055773 0.0328025 0.0179302 0.0222524 0.0105957 -0.0198989 0.0125883 -0.0787378 -0.0913402 0.0011033 0.0062245 0.0167322 -0.0386437 -0.0031752 -0.1233148 -0.0068920 -0.0403411 -0.0400425 -0.0415491 0.0094933 -0.0695976 -0.0073796 -0.1063279 -0.2821585 -0.2839331 -0.2840587 -0.2803190 -0.2806928 -0.2797439 -0.2812929 -0.2831550 -0.2820787 -0.2868436 -0.2861032 -0.2864883 -0.2873013 -0.2879798 -0.2859800 -0.2852253 -0.2888915 -0.2875994
0.1469751 0.1523757 0.2003445 0.1433848 0.2021879 0.1954713 0.8876313 0.2067170 0.1566325 0.1552882 0.1571153 0.1624683 0.1541628 0.1554305 0.1416211 0.1495294 0.0330550 0.0570323 0.0639623 0.0557644 0.0471262 0.0712901 0.0551762 0.0491313 0.0734248 0.0679725 0.0750933 0.0619876 0.0620668 0.0622705 0.0702848 0.0602068 0.0717937 0.0580047 0.0559587 0.0755167 0.0618747 0.0630599 0.0730848 0.0721436 0.0633708 0.0507562 0.0500874 0.0517891 0.0672063 0.0645912 0.0512144 0.0280813 -0.0182353 0.0343611 0.0184754 0.0090012 0.0132779 0.0330850 0.0168411 0.0072412 -0.0020329 0.0064812 0.0362088 0.0150220 0.0400455 0.0279543 0.0254958 0.0369589 0.0185785 0.0373642 0.0100807 0.0301619 0.0036684 0.0566105 0.0097269 -0.0082837 -0.0049734 0.0347066 0.0202863 0.0245620 0.0107369 -0.0165602 0.0122911 -0.0801255 -0.0909178 0.0017466 0.0069406 0.0152707 -0.0373512 -0.0047840 -0.1286243 -0.0068838 -0.0411452 -0.0363900 -0.0378074 0.0083699 -0.0737403 -0.0069785 -0.1123755 -0.2909792 -0.2949597 -0.2925841 -0.2908986 -0.2911535 -0.2883159 -0.2918333 -0.2930200 -0.2926753 -0.2958481 -0.2959431 -0.2979900 -0.2953115 -0.2975007 -0.2963558 -0.2969298 -0.2971931 -0.2963517
0.1524679 0.1549183 0.1900927 0.1495181 0.1996294 0.1934822 0.2067170 0.8965396 0.1613327 0.1561285 0.1602516 0.1674513 0.1562720 0.1573325 0.1465691 0.1500197 0.0372190 0.0579145 0.0686518 0.0574119 0.0507913 0.0771505 0.0584406 0.0518885 0.0731216 0.0686207 0.0740225 0.0604506 0.0610562 0.0584807 0.0692256 0.0589963 0.0716042 0.0575043 0.0535669 0.0751487 0.0631091 0.0626308 0.0723738 0.0690457 0.0642839 0.0504783 0.0498291 0.0526463 0.0659640 0.0667021 0.0497307 0.0277325 -0.0193559 0.0343125 0.0151457 0.0128586 0.0116934 0.0335568 0.0192775 0.0057727 -0.0042171 0.0034768 0.0332219 0.0183699 0.0408434 0.0248228 0.0234910 0.0327036 0.0149195 0.0355327 0.0062091 0.0284031 0.0036745 0.0536963 0.0091575 -0.0076212 -0.0055046 0.0363075 0.0182182 0.0241653 0.0109307 -0.0186498 0.0122171 -0.0807832 -0.0918544 -0.0003987 0.0060575 0.0163984 -0.0356277 -0.0063048 -0.1263162 -0.0034418 -0.0421505 -0.0389141 -0.0403992 0.0090759 -0.0720874 -0.0046448 -0.1088629 -0.2891117 -0.2919889 -0.2899844 -0.2870994 -0.2886618 -0.2871770 -0.2886692 -0.2905408 -0.2910702 -0.2929575 -0.2944095 -0.2936189 -0.2940982 -0.2943002 -0.2943169 -0.2931360 -0.2973716 -0.2936144
0.1470705 0.1499526 0.1538230 0.1452660 0.1563079 0.1541757 0.1566325 0.1613327 0.8987201 0.1882712 0.1972324 0.1944233 0.1912976 0.1854109 0.1491972 0.1547750 0.0372427 0.0607621 0.0659367 0.0617976 0.0502939 0.0754345 0.0610452 0.0563637 0.0730289 0.0639509 0.0724684 0.0607077 0.0605583 0.0585175 0.0669702 0.0591991 0.0686138 0.0561061 0.0507980 0.0717391 0.0610404 0.0601821 0.0679474 0.0659211 0.0614450 0.0448680 0.0462574 0.0556218 0.0698217 0.0643229 0.0529052 0.0276084 -0.0194206 0.0332546 0.0191326 0.0043978 0.0104495 0.0320667 0.0221858 0.0068441 -0.0067938 0.0087420 0.0332871 0.0188058 0.0373194 0.0233232 0.0231874 0.0322570 0.0133129 0.0360119 0.0070550 0.0288736 0.0019917 0.0542742 0.0087247 -0.0085182 -0.0008688 0.0318639 0.0163468 0.0208595 0.0049615 -0.0177093 0.0121548 -0.0799220 -0.0871306 0.0008160 -0.0005505 0.0177397 -0.0407824 -0.0088850 -0.1205194 -0.0033324 -0.0422198 -0.0453334 -0.0455949 0.0103626 -0.0728291 -0.0051582 -0.1094925 -0.2850263 -0.2872035 -0.2845356 -0.2822951 -0.2826619 -0.2825909 -0.2838709 -0.2853020 -0.2860547 -0.2874043 -0.2891887 -0.2876622 -0.2885386 -0.2892461 -0.2878021 -0.2893710 -0.2940789 -0.2880197
0.1434382 0.1477114 0.1522853 0.1393452 0.1539047 0.1523888 0.1552882 0.1561285 0.1882712 0.8928334 0.1849974 0.1909639 0.1993304 0.1838266 0.1416826 0.1493519 0.0354110 0.0590891 0.0619429 0.0607518 0.0501162 0.0731868 0.0587473 0.0573073 0.0695845 0.0630235 0.0692733 0.0595693 0.0584559 0.0545024 0.0640203 0.0554853 0.0671167 0.0541843 0.0511754 0.0714427 0.0567413 0.0571328 0.0690011 0.0659331 0.0576610 0.0460379 0.0459031 0.0540431 0.0660115 0.0607337 0.0484803 0.0271238 -0.0214179 0.0329505 0.0167353 0.0097522 0.0111523 0.0333608 0.0157172 0.0066367 -0.0063426 0.0052807 0.0323204 0.0175709 0.0369462 0.0221641 0.0199441 0.0293661 0.0142112 0.0334208 0.0046654 0.0277276 -0.0001639 0.0488961 0.0057552 -0.0088070 -0.0030162 0.0297603 0.0144129 0.0206499 0.0059753 -0.0180314 0.0113226 -0.0775068 -0.0893062 -0.0006410 0.0019646 0.0163689 -0.0414026 -0.0070080 -0.1199801 -0.0078036 -0.0420995 -0.0430606 -0.0429016 0.0078625 -0.0702139 -0.0080837 -0.1051967 -0.2778026 -0.2791930 -0.2794228 -0.2745201 -0.2750091 -0.2738214 -0.2769327 -0.2765943 -0.2780583 -0.2797922 -0.2816537 -0.2813565 -0.2798974 -0.2813766 -0.2810577 -0.2806378 -0.2843144 -0.2812188
0.1442496 0.1504553 0.1532631 0.1446617 0.1558901 0.1541984 0.1571153 0.1602516 0.1972324 0.1849974 0.9162329 0.2024589 0.1902830 0.1862868 0.1485833 0.1510593 0.0422671 0.0649846 0.0726689 0.0640966 0.0569021 0.0793957 0.0648347 0.0596133 0.0667673 0.0599980 0.0681173 0.0578799 0.0581485 0.0524184 0.0633752 0.0518162 0.0631404 0.0528022 0.0481323 0.0689569 0.0582864 0.0562616 0.0663953 0.0614851 0.0592147 0.0456618 0.0442250 0.0515128 0.0657357 0.0615369 0.0469730 0.0219495 -0.0206974 0.0290976 0.0175904 0.0057102 0.0086223 0.0283052 0.0159957 0.0043676 -0.0086362 0.0065578 0.0320070 0.0188382 0.0323312 0.0173285 0.0165917 0.0285496 0.0092101 0.0311334 0.0026687 0.0231931 -0.0034344 0.0458029 0.0031591 -0.0122409 -0.0050826 0.0296821 0.0152000 0.0186583 0.0048704 -0.0181442 0.0067328 -0.0789078 -0.0890260 -0.0041380 0.0014753 0.0129940 -0.0435778 -0.0129382 -0.1172409 -0.0075317 -0.0458491 -0.0456496 -0.0456315 0.0078803 -0.0711484 -0.0067406 -0.1074196 -0.2711768 -0.2744123 -0.2729029 -0.2686404 -0.2706127 -0.2698459 -0.2710145 -0.2721435 -0.2721954 -0.2724127 -0.2756106 -0.2755855 -0.2752263 -0.2769594 -0.2749587 -0.2775795 -0.2815045 -0.2754103
0.1517316 0.1538762 0.1563607 0.1458838 0.1601863 0.1600407 0.1624683 0.1674513 0.1944233 0.1909639 0.2024589 0.9104198 0.1955571 0.1901492 0.1460303 0.1565839 0.0391886 0.0646355 0.0694275 0.0632774 0.0528912 0.0799769 0.0640777 0.0580214 0.0675283 0.0599670 0.0699998 0.0580640 0.0576441 0.0525013 0.0630813 0.0538942 0.0647895 0.0539371 0.0526470 0.0725070 0.0597072 0.0559963 0.0676607 0.0627681 0.0610262 0.0450934 0.0472305 0.0514648 0.0682052 0.0603890 0.0500506 0.0224799 -0.0237421 0.0293050 0.0159679 0.0065129 0.0111291 0.0323397 0.0160794 0.0028621 -0.0076767 0.0096782 0.0309610 0.0154590 0.0323411 0.0182694 0.0175830 0.0280981 0.0114726 0.0308525 0.0045479 0.0241783 -0.0021715 0.0504617 0.0065944 -0.0124715 -0.0049553 0.0276632 0.0122952 0.0206299 0.0048865 -0.0218399 0.0100577 -0.0784895 -0.0899501 -0.0039830 0.0004003 0.0113780 -0.0459496 -0.0110281 -0.1177409 -0.0091778 -0.0449145 -0.0462195 -0.0466293 0.0042051 -0.0691417 -0.0113652 -0.1094103 -0.2790822 -0.2803273 -0.2789040 -0.2760976 -0.2773313 -0.2768916 -0.2779078 -0.2776750 -0.2806165 -0.2794108 -0.2816051 -0.2819950 -0.2818345 -0.2818926 -0.2811668 -0.2828368 -0.2864665 -0.2826997
0.1420736 0.1508536 0.1528646 0.1394842 0.1546533 0.1514870 0.1541628 0.1562720 0.1912976 0.1993304 0.1902830 0.1955571 0.8994466 0.1916750 0.1452214 0.1502229 0.0331172 0.0600630 0.0646223 0.0581113 0.0492857 0.0749682 0.0589916 0.0546207 0.0694094 0.0632023 0.0740100 0.0592358 0.0604220 0.0564262 0.0661444 0.0571368 0.0692135 0.0555323 0.0492082 0.0718569 0.0620240 0.0612039 0.0711208 0.0644992 0.0590907 0.0462493 0.0483622 0.0566721 0.0671112 0.0632197 0.0526792 0.0247106 -0.0203323 0.0341153 0.0145130 0.0109120 0.0149429 0.0288024 0.0196987 0.0053959 -0.0068246 0.0081607 0.0361955 0.0177196 0.0399574 0.0224644 0.0219476 0.0297750 0.0168051 0.0348643 0.0047524 0.0269245 0.0003555 0.0513750 0.0073564 -0.0080946 -0.0056099 0.0327160 0.0162730 0.0229316 0.0071256 -0.0166474 0.0120147 -0.0810223 -0.0896293 -0.0019065 0.0003595 0.0171226 -0.0421558 -0.0091331 -0.1224887 -0.0066873 -0.0429711 -0.0435389 -0.0434449 0.0085232 -0.0738967 -0.0057757 -0.1097151 -0.2826166 -0.2855728 -0.2837912 -0.2786888 -0.2800524 -0.2800979 -0.2820793 -0.2826701 -0.2838543 -0.2849180 -0.2876597 -0.2861197 -0.2873639 -0.2881940 -0.2869767 -0.2865423 -0.2919092 -0.2872612
0.1402099 0.1455999 0.1495532 0.1399617 0.1520638 0.1502694 0.1554305 0.1573325 0.1854109 0.1838266 0.1862868 0.1901492 0.1916750 0.9011420 0.1450638 0.1437842 0.0391582 0.0608388 0.0668705 0.0563296 0.0498750 0.0754521 0.0577866 0.0565430 0.0709602 0.0585305 0.0684198 0.0593661 0.0603592 0.0536923 0.0627147 0.0550526 0.0634382 0.0542485 0.0506067 0.0712757 0.0611304 0.0573705 0.0675359 0.0663508 0.0579033 0.0475934 0.0487585 0.0530219 0.0656555 0.0627154 0.0504201 0.0279455 -0.0198433 0.0321037 0.0166493 0.0080494 0.0109138 0.0289790 0.0186314 0.0069379 -0.0081937 0.0074631 0.0354307 0.0184064 0.0377860 0.0212281 0.0205860 0.0320478 0.0144279 0.0321315 0.0041289 0.0295140 0.0009550 0.0495303 0.0060141 -0.0112204 -0.0040705 0.0317028 0.0172961 0.0240410 0.0091892 -0.0177573 0.0103549 -0.0792027 -0.0878614 -0.0032576 0.0015253 0.0149329 -0.0421001 -0.0087188 -0.1199200 -0.0072816 -0.0429297 -0.0416691 -0.0419510 0.0095670 -0.0725516 -0.0008788 -0.1084194 -0.2776228 -0.2798676 -0.2784329 -0.2759637 -0.2766077 -0.2748776 -0.2777938 -0.2775839 -0.2791021 -0.2793925 -0.2818699 -0.2819873 -0.2804157 -0.2829784 -0.2821100 -0.2816146 -0.2850816 -0.2827522
0.1345863 0.1377132 0.1424153 0.1332051 0.1421192 0.1415223 0.1416211 0.1465691 0.1491972 0.1416826 0.1485833 0.1460303 0.1452214 0.1450638 0.8796136 0.1392810 0.0291921 0.0483633 0.0532576 0.0425534 0.0384465 0.0662378 0.0449985 0.0440191 0.0710851 0.0676953 0.0758320 0.0620883 0.0638948 0.0616907 0.0720360 0.0591556 0.0718932 0.0569814 0.0594222 0.0721709 0.0633446 0.0665361 0.0714743 0.0695743 0.0599350 0.0520873 0.0529252 0.0555951 0.0658349 0.0682416 0.0491285 0.0365403 -0.0153642 0.0374409 0.0238579 0.0110507 0.0179757 0.0364378 0.0272337 0.0072810 0.0020026 0.0165419 0.0439764 0.0257195 0.0458962 0.0322279 0.0292491 0.0349787 0.0223705 0.0369783 0.0141987 0.0378428 0.0089684 0.0554021 0.0157938 -0.0010224 0.0030299 0.0334786 0.0217178 0.0245772 0.0112273 -0.0123144 0.0159377 -0.0693567 -0.0797024 0.0095829 0.0136660 0.0231877 -0.0302443 -0.0013922 -0.1211831 0.0016236 -0.0351662 -0.0298356 -0.0299062 0.0132849 -0.0664132 0.0002563 -0.1011556 -0.2780965 -0.2828706 -0.2825044 -0.2788008 -0.2785919 -0.2768197 -0.2810113 -0.2809339 -0.2812558 -0.2842091 -0.2848545 -0.2847911 -0.2844658 -0.2847641 -0.2855352 -0.2850245 -0.2881118 -0.2857815
0.1373174 0.1422740 0.1449242 0.1368127 0.1481072 0.1469171 0.1495294 0.1500197 0.1547750 0.1493519 0.1510593 0.1565839 0.1502229 0.1437842 0.1392810 0.8831651 0.0260212 0.0513657 0.0547904 0.0502278 0.0402116 0.0651509 0.0477730 0.0475924 0.0741628 0.0716188 0.0769183 0.0621854 0.0660530 0.0626487 0.0734005 0.0649895 0.0782514 0.0572351 0.0592307 0.0768308 0.0633467 0.0671096 0.0729072 0.0686171 0.0631242 0.0538040 0.0574691 0.0533694 0.0666214 0.0693279 0.0541759 0.0330777 -0.0138820 0.0365115 0.0233602 0.0104694 0.0172931 0.0371204 0.0249044 0.0069452 -0.0005585 0.0151838 0.0418451 0.0249584 0.0472447 0.0312470 0.0300009 0.0365526 0.0232064 0.0407213 0.0140432 0.0352353 0.0070082 0.0557126 0.0174827 -0.0040462 0.0029914 0.0369694 0.0204374 0.0297608 0.0128164 -0.0135019 0.0156913 -0.0706125 -0.0812898 0.0080849 0.0082921 0.0195167 -0.0305718 -0.0022464 -0.1223368 0.0011799 -0.0358916 -0.0332073 -0.0332815 0.0150157 -0.0498782 -0.0025652 -0.1045245 -0.2834366 -0.2867347 -0.2855107 -0.2797000 -0.2825169 -0.2798901 -0.2830174 -0.2841606 -0.2858215 -0.2871322 -0.2889817 -0.2888646 -0.2885612 -0.2897780 -0.2894534 -0.2894654 -0.2922184 -0.2891607
0.0321173 0.0288177 0.0363724 0.0317632 0.0359905 0.0362009 0.0330550 0.0372190 0.0372427 0.0354110 0.0422671 0.0391886 0.0331172 0.0391582 0.0291921 0.0260212 0.9830086 0.0444343 0.0508474 0.0651537 0.0622970 0.0471761 0.0530825 0.0623831 -0.0162398 -0.0194250 -0.0165436 -0.0129411 -0.0220840 -0.0242892 -0.0256785 -0.0287018 -0.0266454 -0.0083197 -0.0155876 -0.0195494 -0.0155606 -0.0173138 -0.0178449 -0.0185473 -0.0022879 -0.0128084 -0.0296272 -0.0151299 -0.0111364 -0.0109572 -0.0113304 -0.0389316 -0.0097593 -0.0237255 -0.0183934 -0.0089464 -0.0336304 -0.0107856 -0.0173686 -0.0204128 -0.0198295 -0.0232065 -0.0370245 -0.0205073 -0.0308097 -0.0411359 -0.0405022 -0.0271708 -0.0320835 -0.0248253 -0.0373105 -0.0378416 -0.0370212 -0.0226904 -0.0321777 -0.0206128 -0.0180913 -0.0150460 -0.0237294 -0.0227794 -0.0192792 -0.0279571 -0.0154560 -0.0203470 -0.0229524 -0.0294345 -0.0179419 -0.0229881 -0.0260473 -0.0294413 -0.0024981 -0.0238870 -0.0202760 -0.0561507 -0.0555724 -0.0380926 -0.0088725 -0.0221456 -0.0147004 0.0123519 0.0127030 0.0125808 0.0143398 0.0129024 0.0121285 0.0134704 0.0149821 0.0134956 0.0151245 0.0134193 0.0123725 0.0136324 0.0127892 0.0132871 0.0146228 0.0064404 0.0125914
0.0517077 0.0558887 0.0546224 0.0517367 0.0612426 0.0563818 0.0570323 0.0579145 0.0607621 0.0590891 0.0649846 0.0646355 0.0600630 0.0608388 0.0483633 0.0513657 0.0444343 0.9541420 0.0649925 0.0629900 0.0556975 0.0599473 0.0597199 0.0549722 0.0024750 -0.0080020 -0.0003212 -0.0042399 -0.0018680 -0.0113313 -0.0082860 -0.0110304 -0.0069882 0.0035461 -0.0099904 -0.0051624 -0.0033163 -0.0058253 -0.0025182 -0.0063014 0.0073406 -0.0121742 -0.0100269 -0.0003888 0.0067054 -0.0025410 -0.0052330 -0.0252645 -0.0206509 -0.0137958 -0.0095787 -0.0189538 -0.0222632 -0.0017040 -0.0243170 -0.0178826 -0.0221938 -0.0141311 -0.0211536 -0.0132454 -0.0205605 -0.0301640 -0.0307261 -0.0158429 -0.0230901 -0.0174037 -0.0283598 -0.0248827 -0.0344396 -0.0095316 -0.0254961 -0.0169396 -0.0172901 -0.0062675 -0.0155836 -0.0021437 -0.0158961 -0.0185425 -0.0076736 -0.0324126 -0.0381688 -0.0214992 -0.0145426 -0.0157158 -0.0253340 -0.0162338 -0.0233582 -0.0240968 -0.0267318 -0.0466083 -0.0466584 -0.0204625 -0.0149725 -0.0277833 -0.0272438 -0.0435602 -0.0462760 -0.0452744 -0.0413777 -0.0437448 -0.0432274 -0.0454903 -0.0445989 -0.0427298 -0.0421490 -0.0457769 -0.0471698 -0.0477466 -0.0466235 -0.0450098 -0.0458583 -0.0513675 -0.0443545
0.0534280 0.0586223 0.0633176 0.0557625 0.0636105 0.0629550 0.0639623 0.0686518 0.0659367 0.0619429 0.0726689 0.0694275 0.0646223 0.0668705 0.0532576 0.0547904 0.0508474 0.0649925 0.9680663 0.0656514 0.0693205 0.0674437 0.0619915 0.0615442 0.0005334 -0.0032300 0.0037162 -0.0048210 -0.0062616 -0.0131760 -0.0087755 -0.0129024 -0.0095884 0.0024721 -0.0156583 -0.0009169 -0.0065609 -0.0086103 -0.0036660 -0.0016637 0.0046377 -0.0109426 -0.0156485 -0.0050257 0.0139275 -0.0011375 -0.0082985 -0.0273259 -0.0171074 -0.0113089 -0.0122840 -0.0190468 -0.0183229 -0.0038859 -0.0192850 -0.0110266 -0.0281711 -0.0200361 -0.0250508 -0.0121429 -0.0241989 -0.0318818 -0.0313615 -0.0127251 -0.0274760 -0.0189282 -0.0295025 -0.0253031 -0.0404481 -0.0102023 -0.0331688 -0.0283478 -0.0223003 -0.0063982 -0.0195228 -0.0111711 -0.0160433 -0.0264314 -0.0146731 -0.0324091 -0.0339003 -0.0310489 -0.0137497 -0.0249915 -0.0334845 -0.0234004 -0.0274143 -0.0260414 -0.0405246 -0.0504498 -0.0521208 -0.0242666 -0.0188831 -0.0272317 -0.0375372 -0.0415721 -0.0436096 -0.0439797 -0.0408184 -0.0404869 -0.0411919 -0.0423791 -0.0409009 -0.0432484 -0.0389360 -0.0431409 -0.0452085 -0.0427739 -0.0428799 -0.0442129 -0.0421375 -0.0456345 -0.0448380
0.0480787 0.0517192 0.0499287 0.0459969 0.0566893 0.0533688 0.0557644 0.0574119 0.0617976 0.0607518 0.0640966 0.0632774 0.0581113 0.0563296 0.0425534 0.0502278 0.0651537 0.0629900 0.0656514 0.9944851 0.0632429 0.0752624 0.0816492 0.0610907 -0.0092800 -0.0147622 -0.0096347 -0.0138736 -0.0172594 -0.0237381 -0.0232817 -0.0229451 -0.0193004 -0.0045344 -0.0191402 -0.0120681 -0.0092047 -0.0180826 -0.0128318 -0.0162253 -0.0071854 -0.0197555 -0.0294956 -0.0123476 -0.0014166 -0.0152623 -0.0206289 -0.0321974 -0.0189277 -0.0171258 -0.0142057 -0.0110726 -0.0174843 -0.0111699 -0.0273887 -0.0294796 -0.0286289 -0.0189427 -0.0324099 -0.0154134 -0.0329774 -0.0414938 -0.0420225 -0.0307898 -0.0304018 -0.0277248 -0.0340604 -0.0317086 -0.0475384 -0.0157577 -0.0362260 -0.0306643 -0.0255118 -0.0026517 -0.0195478 -0.0232106 -0.0239683 -0.0316252 -0.0211000 -0.0321933 -0.0484096 -0.0367975 -0.0376448 -0.0221397 -0.0426942 -0.0294489 -0.0084903 -0.0245428 -0.0264752 -0.0516188 -0.0522343 -0.0291368 -0.0064765 -0.0467460 -0.0228339 -0.0130252 -0.0145194 -0.0131406 -0.0100549 -0.0094222 -0.0126050 -0.0139206 -0.0083500 -0.0093907 -0.0085167 -0.0101757 -0.0117377 -0.0095097 -0.0116826 -0.0090700 -0.0106787 -0.0141118 -0.0137695
0.0447428 0.0416333 0.0464034 0.0394324 0.0505402 0.0472716 0.0471262 0.0507913 0.0502939 0.0501162 0.0569021 0.0528912 0.0492857 0.0498750 0.0384465 0.0402116 0.0622970 0.0556975 0.0693205 0.0632429 1.0053840 0.0696807 0.0676134 0.0676050 -0.0176934 -0.0185441 -0.0100537 -0.0197308 -0.0234040 -0.0326371 -0.0235398 -0.0308077 -0.0296607 -0.0096786 -0.0273473 -0.0215373 -0.0269614 -0.0208697 -0.0201883 -0.0192382 -0.0041784 -0.0214385 -0.0323939 -0.0172613 -0.0074655 -0.0153041 -0.0195588 -0.0477937 -0.0164515 -0.0204330 -0.0245533 -0.0094100 -0.0263528 -0.0203011 -0.0361264 -0.0248061 -0.0317762 -0.0314147 -0.0432749 -0.0247693 -0.0397496 -0.0421586 -0.0439959 -0.0269599 -0.0381200 -0.0329329 -0.0404289 -0.0486271 -0.0475656 -0.0212413 -0.0357374 -0.0264692 -0.0254973 -0.0159807 -0.0257426 -0.0308815 -0.0238148 -0.0203107 -0.0254213 -0.0289792 -0.0332957 -0.0377866 -0.0304643 -0.0237974 -0.0376596 -0.0376948 0.0019208 -0.0286798 -0.0237817 -0.0582959 -0.0592659 -0.0290043 -0.0041057 -0.0269190 -0.0213057 0.0111381 0.0135173 0.0139691 0.0155020 0.0145984 0.0131078 0.0126696 0.0152443 0.0141292 0.0161630 0.0127249 0.0127445 0.0147923 0.0120446 0.0148436 0.0137588 0.0078039 0.0137380
0.0679644 0.0676323 0.0706773 0.0642405 0.0759148 0.0716331 0.0712901 0.0771505 0.0754345 0.0731868 0.0793957 0.0799769 0.0749682 0.0754521 0.0662378 0.0651509 0.0471761 0.0599473 0.0674437 0.0752624 0.0696807 0.9770301 0.0738574 0.0709421 -0.0018942 -0.0001413 0.0033340 0.0020383 -0.0074182 -0.0141986 -0.0078110 -0.0109238 -0.0080727 0.0046637 -0.0091738 -0.0014452 -0.0050788 -0.0032386 -0.0054710 -0.0001192 0.0043794 -0.0118019 -0.0149987 -0.0017399 0.0095200 -0.0034812 -0.0084767 -0.0265054 -0.0169448 -0.0147027 -0.0079005 -0.0080657 -0.0097963 -0.0071381 -0.0239175 -0.0199942 -0.0306314 -0.0133276 -0.0190896 -0.0093478 -0.0276237 -0.0295158 -0.0302324 -0.0190630 -0.0323925 -0.0209350 -0.0337553 -0.0255635 -0.0395356 -0.0084316 -0.0351414 -0.0254030 -0.0226836 -0.0035721 -0.0180387 -0.0126047 -0.0147483 -0.0178086 -0.0014303 -0.0385691 -0.0496062 -0.0333217 -0.0283652 -0.0138750 -0.0404485 -0.0233082 -0.0276594 -0.0255750 -0.0348265 -0.0490696 -0.0489623 -0.0251063 -0.0180582 -0.0322315 -0.0379193 -0.0565702 -0.0561801 -0.0573657 -0.0526492 -0.0542288 -0.0557961 -0.0536783 -0.0535446 -0.0553908 -0.0525188 -0.0545187 -0.0542786 -0.0528421 -0.0550707 -0.0523131 -0.0570904 -0.0586810 -0.0561730
0.0475496 0.0503920 0.0527880 0.0480427 0.0588922 0.0549260 0.0551762 0.0584406 0.0610452 0.0587473 0.0648347 0.0640777 0.0589916 0.0577866 0.0449985 0.0477730 0.0530825 0.0597199 0.0619915 0.0816492 0.0676134 0.0738574 0.9832749 0.0662968 -0.0111113 -0.0186687 -0.0129915 -0.0165683 -0.0191419 -0.0249424 -0.0178817 -0.0231172 -0.0208916 -0.0058720 -0.0217157 -0.0185617 -0.0186344 -0.0190771 -0.0179834 -0.0165639 -0.0008416 -0.0179989 -0.0272144 -0.0109061 -0.0065642 -0.0110087 -0.0192137 -0.0380678 -0.0242180 -0.0189589 -0.0144091 -0.0109360 -0.0257022 -0.0134608 -0.0317382 -0.0218323 -0.0363663 -0.0154251 -0.0319122 -0.0183427 -0.0380214 -0.0417610 -0.0410374 -0.0329899 -0.0383259 -0.0249527 -0.0404841 -0.0379680 -0.0466263 -0.0189980 -0.0427971 -0.0277034 -0.0300596 -0.0079625 -0.0269415 -0.0251629 -0.0222816 -0.0311006 -0.0168754 -0.0279179 -0.0427464 -0.0345470 -0.0304431 -0.0197976 -0.0352249 -0.0299179 -0.0131627 -0.0202757 -0.0251492 -0.0585823 -0.0586282 -0.0335477 -0.0106724 -0.0361388 -0.0216760 -0.0049294 -0.0034769 -0.0063355 0.0007388 -0.0040649 -0.0017288 -0.0029169 -0.0013431 -0.0023647 0.0003354 -0.0039313 -0.0041006 -0.0014750 -0.0020631 -0.0008372 -0.0037100 -0.0077476 -0.0004108
0.0518866 0.0473351 0.0512354 0.0492818 0.0562720 0.0531561 0.0491313 0.0518885 0.0563637 0.0573073 0.0596133 0.0580214 0.0546207 0.0565430 0.0440191 0.0475924 0.0623831 0.0549722 0.0615442 0.0610907 0.0676050 0.0709421 0.0662968 0.9692781 -0.0019712 -0.0012358 -0.0045484 -0.0029578 -0.0097815 -0.0157960 -0.0127602 -0.0114036 -0.0138920 0.0006753 -0.0168263 -0.0059051 -0.0068040 -0.0056523 -0.0043808 -0.0085940 0.0052569 -0.0119908 -0.0194104 -0.0051165 0.0050054 -0.0025095 -0.0059797 -0.0321487 -0.0199827 -0.0144865 -0.0086919 -0.0051643 -0.0208910 -0.0083485 -0.0156642 -0.0191654 -0.0241220 -0.0179315 -0.0253212 -0.0202227 -0.0223616 -0.0302047 -0.0302827 -0.0236792 -0.0297409 -0.0232876 -0.0314849 -0.0312739 -0.0322213 -0.0066004 -0.0269782 -0.0171779 -0.0176166 -0.0100960 -0.0188362 -0.0125865 -0.0123298 -0.0178279 -0.0187970 -0.0322314 -0.0443809 -0.0312651 -0.0203013 -0.0186057 -0.0270972 -0.0274642 -0.0166042 -0.0278269 -0.0330039 -0.0422298 -0.0431304 -0.0274004 -0.0145535 -0.0278306 -0.0274743 -0.0339206 -0.0325023 -0.0348519 -0.0296972 -0.0301596 -0.0310314 -0.0304520 -0.0291600 -0.0301345 -0.0301410 -0.0320495 -0.0302794 -0.0339994 -0.0324020 -0.0306861 -0.0323772 -0.0357914 -0.0322356
0.0708121 0.0722241 0.0705589 0.0719248 0.0724781 0.0736929 0.0734248 0.0731216 0.0730289 0.0695845 0.0667673 0.0675283 0.0694094 0.0709602 0.0710851 0.0741628 -0.0162398 0.0024750 0.0005334 -0.0092800 -0.0176934 -0.0018942 -0.0111113 -0.0019712 0.8480690 0.0757122 0.0786869 0.0882909 0.1002853 0.1114820 0.1130809 0.0930661 0.0835212 0.0578119 0.0668577 0.0825430 0.0716121 0.0709550 0.0724936 0.0781416 0.0533595 0.0564663 0.0705666 0.0560605 0.0627324 0.0684783 0.0563097 0.0582609 -0.0021747 0.0418726 0.0280157 0.0182161 0.0302526 0.0388057 0.0372287 0.0237769 0.0232307 0.0246842 0.0636633 0.0357727 0.0627117 0.0537778 0.0538453 0.0569011 0.0470310 0.0554711 0.0404577 0.0596930 0.0467326 0.0666175 0.0420102 0.0160452 0.0162764 0.0389414 0.0382938 0.0412636 0.0252478 0.0096024 0.0221831 -0.0387356 -0.0523263 0.0328660 0.0335696 0.0417133 -0.0070053 0.0197123 -0.1115721 0.0260819 -0.0105587 0.0120928 0.0110664 0.0378206 -0.0655719 0.0255023 -0.0837824 -0.2619272 -0.2676831 -0.2626612 -0.2626112 -0.2614435 -0.2611264 -0.2604721 -0.2654553 -0.2651107 -0.2700543 -0.2687576 -0.2686801 -0.2713347 -0.2714742 -0.2719230 -0.2684090 -0.2719528 -0.2703827
0.0658684 0.0672554 0.0662402 0.0649762 0.0646468 0.0678460 0.0679725 0.0686207 0.0639509 0.0630235 0.0599980 0.0599670 0.0632023 0.0585305 0.0676953 0.0716188 -0.0194250 -0.0080020 -0.0032300 -0.0147622 -0.0185441 -0.0001413 -0.0186687 -0.0012358 0.0757122 0.8552741 0.1085415 0.0659696 0.0811118 0.0747743 0.0846031 0.0760564 0.0845412 0.0575636 0.0642278 0.0831967 0.0689046 0.0704211 0.0733819 0.0778077 0.0522929 0.0601488 0.0669700 0.0518390 0.0557155 0.0696256 0.0585083 0.0596906 0.0028683 0.0503779 0.0335717 0.0175432 0.0417130 0.0449433 0.0508999 0.0188521 0.0258125 0.0290966 0.0664824 0.0394681 0.0763853 0.0628679 0.0622983 0.0564779 0.0488564 0.0538586 0.0377966 0.0600172 0.0423338 0.0654402 0.0404482 0.0168348 0.0238822 0.0431250 0.0451851 0.0355914 0.0291900 0.0077219 0.0293999 -0.0326716 -0.0445166 0.0399587 0.0306201 0.0445726 0.0026018 0.0297596 -0.1174736 0.0270849 -0.0101885 0.0158124 0.0164750 0.0413061 -0.0589449 0.0242314 -0.0762333 -0.2544502 -0.2614895 -0.2586831 -0.2552459 -0.2569352 -0.2547801 -0.2585612 -0.2599117 -0.2599288 -0.2642282 -0.2629529 -0.2639155 -0.2639649 -0.2628525 -0.2674657 -0.2643628 -0.2643870 -0.2649645
0.0703479 0.0735693 0.0748649 0.0725279 0.0737228 0.0739526 0.0750933 0.0740225 0.0724684 0.0692733 0.0681173 0.0699998 0.0740100 0.0684198 0.0758320 0.0769183 -0.0165436 -0.0003212 0.0037162 -0.0096347 -0.0100537 0.0033340 -0.0129915 -0.0045484 0.0786869 0.1085415 0.8513011 0.0719769 0.0768302 0.0832081 0.0825918 0.0811014 0.0802233 0.0575189 0.0645622 0.0772912 0.0732755 0.0687301 0.0731517 0.0772058 0.0543783 0.0590264 0.0691291 0.0567785 0.0586710 0.0662130 0.0597563 0.0585092 -0.0012987 0.0462707 0.0262642 0.0203695 0.0344233 0.0369974 0.0422987 0.0166206 0.0224603 0.0307896 0.0635205 0.0434338 0.0699757 0.0594850 0.0587395 0.0612023 0.0521941 0.0497082 0.0393816 0.0584864 0.0423843 0.0680002 0.0460894 0.0159202 0.0151200 0.0419501 0.0438728 0.0393315 0.0247912 0.0060337 0.0269260 -0.0453197 -0.0509825 0.0381421 0.0309670 0.0392217 0.0025745 0.0237786 -0.1107772 0.0228764 -0.0111076 0.0099298 0.0096145 0.0372590 -0.0603221 0.0279100 -0.0766117 -0.2609454 -0.2667059 -0.2630122 -0.2594075 -0.2617225 -0.2587768 -0.2615168 -0.2625673 -0.2645340 -0.2674226 -0.2666962 -0.2689048 -0.2684589 -0.2687044 -0.2701381 -0.2675157 -0.2698732 -0.2685859
0.0556261 0.0586320 0.0621234 0.0614654 0.0584576 0.0594546 0.0619876 0.0604506 0.0607077 0.0595693 0.0578799 0.0580640 0.0592358 0.0593661 0.0620883 0.0621854 -0.0129411 -0.0042399 -0.0048210 -0.0138736 -0.0197308 0.0020383 -0.0165683 -0.0029578 0.0882909 0.0659696 0.0719769 0.8605301 0.1008434 0.0845497 0.0840556 0.0925500 0.0667920 0.0527614 0.0571055 0.0744268 0.0689539 0.0651797 0.0672488 0.0606292 0.0563015 0.0571297 0.0664445 0.0506839 0.0529610 0.0686866 0.0649683 0.0593394 -0.0033407 0.0398737 0.0341531 0.0191607 0.0375124 0.0446111 0.0406120 0.0134588 0.0247391 0.0236901 0.0615277 0.0315012 0.0649655 0.0574160 0.0579975 0.0535061 0.0448529 0.0484175 0.0312255 0.0597579 0.0422958 0.0635400 0.0364821 0.0191240 0.0263304 0.0338449 0.0372577 0.0339523 0.0227974 0.0051824 0.0202335 -0.0372407 -0.0438043 0.0327127 0.0295703 0.0366368 -0.0024896 0.0214958 -0.1028567 0.0228863 -0.0173227 0.0118781 0.0120414 0.0290552 -0.0636035 0.0219011 -0.0746069 -0.2386685 -0.2438855 -0.2425616 -0.2376033 -0.2373352 -0.2364883 -0.2389950 -0.2416338 -0.2436605 -0.2485152 -0.2448734 -0.2461550 -0.2472264 -0.2453858 -0.2488753 -0.2455992 -0.2485466 -0.2485844
0.0591619 0.0621133 0.0608397 0.0615900 0.0595838 0.0623289 0.0620668 0.0610562 0.0605583 0.0584559 0.0581485 0.0576441 0.0604220 0.0603592 0.0638948 0.0660530 -0.0220840 -0.0018680 -0.0062616 -0.0172594 -0.0234040 -0.0074182 -0.0191419 -0.0097815 0.1002853 0.0811118 0.0768302 0.1008434 0.8558264 0.0951335 0.0911388 0.1013811 0.0737225 0.0557679 0.0606173 0.0752927 0.0668885 0.0702070 0.0724308 0.0690343 0.0533310 0.0502332 0.0667372 0.0526592 0.0529317 0.0641906 0.0547077 0.0601053 0.0103630 0.0427106 0.0334699 0.0101821 0.0389480 0.0441567 0.0434004 0.0185376 0.0247124 0.0312670 0.0646018 0.0355632 0.0726198 0.0624053 0.0621249 0.0597412 0.0478434 0.0544385 0.0393662 0.0593399 0.0428918 0.0657743 0.0411054 0.0198791 0.0209377 0.0407032 0.0406522 0.0354698 0.0256078 0.0074368 0.0276707 -0.0344386 -0.0421385 0.0384648 0.0278973 0.0411724 -0.0015475 0.0186939 -0.1087968 0.0207160 -0.0105249 0.0179262 0.0186047 0.0347785 -0.0628766 0.0240290 -0.0752298 -0.2464204 -0.2539120 -0.2506315 -0.2487147 -0.2488011 -0.2472660 -0.2493876 -0.2529013 -0.2529695 -0.2561399 -0.2569064 -0.2555372 -0.2573322 -0.2570401 -0.2585168 -0.2570805 -0.2579162 -0.2580660
0.0564880 0.0594322 0.0604130 0.0588318 0.0569959 0.0604974 0.0622705 0.0584807 0.0585175 0.0545024 0.0524184 0.0525013 0.0564262 0.0536923 0.0616907 0.0626487 -0.0242892 -0.0113313 -0.0131760 -0.0237381 -0.0326371 -0.0141986 -0.0249424 -0.0157960 0.1114820 0.0747743 0.0832081 0.0845497 0.0951335 0.8558553 0.1135066 0.0925632 0.0754615 0.0584060 0.0676641 0.0798943 0.0743344 0.0814035 0.0726582 0.0774555 0.0524585 0.0601187 0.0774350 0.0573211 0.0613120 0.0685319 0.0617683 0.0741336 0.0045157 0.0442357 0.0304534 0.0203383 0.0398680 0.0422673 0.0534266 0.0206274 0.0246862 0.0301012 0.0671965 0.0370356 0.0774643 0.0683892 0.0694850 0.0652793 0.0513477 0.0581423 0.0447107 0.0746170 0.0539621 0.0738090 0.0484310 0.0194205 0.0266658 0.0382781 0.0392439 0.0488667 0.0253029 0.0121045 0.0285577 -0.0360647 -0.0418564 0.0448327 0.0363631 0.0430102 0.0038620 0.0293562 -0.1137397 0.0289668 -0.0101250 0.0228436 0.0230115 0.0407303 -0.0620429 0.0294548 -0.0785596 -0.2582174 -0.2661478 -0.2614984 -0.2600993 -0.2600189 -0.2580510 -0.2596985 -0.2627401 -0.2629293 -0.2677921 -0.2668807 -0.2671194 -0.2668684 -0.2690050 -0.2684892 -0.2680169 -0.2692992 -0.2690977
0.0674600 0.0696106 0.0717166 0.0683449 0.0697909 0.0667712 0.0702848 0.0692256 0.0669702 0.0640203 0.0633752 0.0630813 0.0661444 0.0627147 0.0720360 0.0734005 -0.0256785 -0.0082860 -0.0087755 -0.0232817 -0.0235398 -0.0078110 -0.0178817 -0.0127602 0.1130809 0.0846031 0.0825918 0.0840556 0.0911388 0.1135066 0.8538134 0.0941857 0.0860713 0.0626335 0.0705893 0.0889852 0.0799632 0.0829488 0.0827301 0.0835014 0.0609496 0.0624233 0.0800649 0.0598361 0.0643566 0.0795127 0.0638687 0.0735371 -0.0033823 0.0543974 0.0353689 0.0277181 0.0439585 0.0454254 0.0546864 0.0249432 0.0237270 0.0298673 0.0798235 0.0401678 0.0755272 0.0663180 0.0665371 0.0599055 0.0550173 0.0593137 0.0465609 0.0741007 0.0522556 0.0806409 0.0476405 0.0171845 0.0250497 0.0467545 0.0477884 0.0423557 0.0287144 0.0098201 0.0288472 -0.0382085 -0.0494300 0.0419930 0.0358432 0.0474130 -0.0010114 0.0273999 -0.1174902 0.0307194 -0.0098747 0.0231341 0.0233851 0.0435470 -0.0706067 0.0390938 -0.0857661 -0.2779091 -0.2844796 -0.2786274 -0.2784666 -0.2780161 -0.2757154 -0.2789200 -0.2810728 -0.2828287 -0.2857513 -0.2855661 -0.2853439 -0.2858118 -0.2868699 -0.2866979 -0.2871425 -0.2871122 -0.2863114
0.0558268 0.0605406 0.0584077 0.0586030 0.0571999 0.0567322 0.0602068 0.0589963 0.0591991 0.0554853 0.0518162 0.0538942 0.0571368 0.0550526 0.0591556 0.0649895 -0.0287018 -0.0110304 -0.0129024 -0.0229451 -0.0308077 -0.0109238 -0.0231172 -0.0114036 0.0930661 0.0760564 0.0811014 0.0925500 0.1013811 0.0925632 0.0941857 0.8536155 0.0800758 0.0555682 0.0594653 0.0816108 0.0710975 0.0696907 0.0743596 0.0684393 0.0497370 0.0565864 0.0679352 0.0522841 0.0547468 0.0684946 0.0594857 0.0621987 0.0000198 0.0467877 0.0291116 0.0226719 0.0341577 0.0461876 0.0481953 0.0236439 0.0250645 0.0324707 0.0626174 0.0412459 0.0710961 0.0675127 0.0677781 0.0560582 0.0479214 0.0528296 0.0462253 0.0625068 0.0479981 0.0689862 0.0514257 0.0207953 0.0242146 0.0356756 0.0381958 0.0441178 0.0290615 0.0103914 0.0240909 -0.0324531 -0.0410365 0.0392326 0.0293898 0.0404022 0.0024392 0.0242003 -0.1051148 0.0223457 -0.0063428 0.0111897 0.0121007 0.0357188 -0.0570781 0.0359513 -0.0737222 -0.2487650 -0.2540660 -0.2496886 -0.2487573 -0.2475379 -0.2472246 -0.2490629 -0.2517236 -0.2523362 -0.2554862 -0.2551874 -0.2568725 -0.2575127 -0.2582268 -0.2587478 -0.2575829 -0.2581784 -0.2570255
0.0679613 0.0676198 0.0699706 0.0691311 0.0677241 0.0706837 0.0717937 0.0716042 0.0686138 0.0671167 0.0631404 0.0647895 0.0692135 0.0634382 0.0718932 0.0782514 -0.0266454 -0.0069882 -0.0095884 -0.0193004 -0.0296607 -0.0080727 -0.0208916 -0.0138920 0.0835212 0.0845412 0.0802233 0.0667920 0.0737225 0.0754615 0.0860713 0.0800758 0.8530163 0.0631131 0.0777434 0.0964161 0.0775071 0.0875148 0.0910325 0.0897734 0.0593235 0.0683654 0.0819113 0.0630124 0.0659205 0.0707388 0.0621333 0.0772535 0.0042002 0.0609206 0.0388519 0.0216135 0.0452001 0.0471759 0.0530703 0.0256834 0.0295208 0.0333277 0.0802684 0.0417975 0.0793110 0.0710316 0.0700067 0.0672673 0.0591962 0.0631951 0.0512882 0.0758759 0.0529757 0.0753604 0.0504823 0.0227764 0.0234275 0.0518989 0.0486089 0.0444093 0.0338312 0.0138188 0.0308927 -0.0352824 -0.0442283 0.0433001 0.0361426 0.0471824 0.0039974 0.0354653 -0.1213743 0.0358309 -0.0054184 0.0218615 0.0218697 0.0440082 -0.0683909 0.0279171 -0.0740035 -0.2819074 -0.2847142 -0.2831195 -0.2821673 -0.2812878 -0.2792354 -0.2810782 -0.2850436 -0.2855419 -0.2904952 -0.2889720 -0.2898750 -0.2898885 -0.2908990 -0.2913897 -0.2888316 -0.2894264 -0.2905927
0.0546701 0.0566053 0.0569262 0.0554909 0.0560320 0.0557572 0.0580047 0.0575043 0.0561061 0.0541843 0.0528022 0.0539371 0.0555323 0.0542485 0.0569814 0.0572351 -0.0083197 0.0035461 0.0024721 -0.0045344 -0.0096786 0.0046637 -0.0058720 0.0006753 0.0578119 0.0575636 0.0575189 0.0527614 0.0557679 0.0584060 0.0626335 0.0555682 0.0631131 0.9236835 0.0516361 0.0621480 0.0555282 0.0558817 0.0587062 0.0578726 0.0442679 0.0462794 0.0549967 0.0433330 0.0468631 0.0526439 0.0468162 0.0517895 0.0043277 0.0398133 0.0288327 0.0163324 0.0320727 0.0327841 0.0376316 0.0175444 0.0206970 0.0234444 0.0534900 0.0316075 0.0560677 0.0498554 0.0497068 0.0451451 0.0399535 0.0436573 0.0339604 0.0525632 0.0360032 0.0523146 0.0354525 0.0159519 0.0187218 0.0358588 0.0353403 0.0317369 0.0243060 0.0104390 0.0244184 -0.0270864 -0.0318883 0.0302778 0.0261825 0.0344648 0.0033596 0.0218989 -0.0811723 0.0233127 -0.0048910 0.0182442 0.0179017 0.0318158 -0.0444448 0.0230859 -0.0556906 -0.1949610 -0.1990440 -0.1965096 -0.1954455 -0.1950010 -0.1928447 -0.1949933 -0.1972309 -0.1984562 -0.2019925 -0.2007006 -0.2021293 -0.2016995 -0.2027448 -0.2035653 -0.2022418 -0.2037192 -0.2026780
