0.8523624 0.1383654 0.1016338 0.1263047 0.1023190 0.0996940 0.1041225 0.1063859 0.0999129 0.0972444 0.0925863 0.1019114 0.0957785 0.0939218 0.0995718 0.0995846 -0.0024590 0.0162007 0.0137648 0.0062076 0.0019301 0.0247177 0.0033429 0.0147733 0.0763276 0.0748613 0.0750636 0.0637757 0.0697111 0.0718784 0.0805317 0.0691005 0.0805928 0.0625271 0.0656650 0.0807456 0.0716728 0.0721520 0.0768617 0.0725410 0.0543746 0.0574925 0.0661511 0.0535117 0.0628097 0.0682555 0.0595722 0.0606708 -0.0038330 0.0467334 0.0290557 0.0151244 0.0300448 0.0384892 0.0382044 0.0174445 0.0168847 0.0215337 0.0629281 0.0345188 0.0674042 0.0548261 0.0544344 0.0545643 0.0384177 0.0528089 0.0326292 0.0609321 0.0334964 0.0644700 0.0343979 0.0093728 0.0135608 0.0419117 0.0350315 0.0318593 0.0257324 0.0030249 0.0222645 -0.0530059 -0.0591819 0.0266801 0.0231350 0.0353017 -0.0096433 0.0126512 -0.1220080 0.0182735 -0.0198862 0.0042398 0.0045745 0.0306698 -0.0659025 0.0185761 -0.0923965 -0.2767718 -0.2812044 -0.2791489 -0.2783930 -0.2773508 -0.2760578 -0.2766155 -0.2791764 -0.2802973 -0.2835062 -0.2842885 -0.2834659 -0.2836186 -0.2848710 -0.2859261 -0.2839300 -0.2861254 -0.2839097
0.1383654 0.8591339 0.1041620 0.1356346 0.1034145 0.1057491 0.1089841 0.1078052 0.1018700 0.1004092 0.0978059 0.1026981 0.1040502 0.0989811 0.1018912 0.1034036 -0.0060779 0.0202086 0.0184354 0.0088835 -0.0023692 0.0238234 0.0051604 0.0099100 0.0776780 0.0764666 0.0783817 0.0668913 0.0727760 0.0750675 0.0825385 0.0740079 0.0801343 0.0648109 0.0663084 0.0825574 0.0726074 0.0762112 0.0802966 0.0763600 0.0576705 0.0590062 0.0676674 0.0579049 0.0641248 0.0704939 0.0564788 0.0588577 -0.0043039 0.0518678 0.0293668 0.0145829 0.0312631 0.0379232 0.0394063 0.0175132 0.0148631 0.0235604 0.0648403 0.0365952 0.0668052 0.0576443 0.0576789 0.0554978 0.0427113 0.0544795 0.0369085 0.0591766 0.0333344 0.0661938 0.0350179 0.0090524 0.0140097 0.0417434 0.0362284 0.0371467 0.0237474 0.0017505 0.0248635 -0.0565009 -0.0605964 0.0268618 0.0231854 0.0337180 -0.0130367 0.0141184 -0.1249763 0.0214496 -0.0214134 0.0025734 0.0017912 0.0330461 -0.0689523 0.0225213 -0.0931969 -0.2856113 -0.2907884 -0.2874351 -0.2868121 -0.2864775 -0.2861021 -0.2850442 -0.2908498 -0.2899089 -0.2931161 -0.2913258 -0.2941182 -0.2922881 -0.2939327 -0.2938961 -0.2932940 -0.2954746 -0.2931320
0.1016338 0.1041620 0.8498304 0.1013503 0.1372284 0.1341751 0.1530279 0.1387026 0.1021020 0.1014022 0.0957183 0.1011574 0.1021081 0.0987089 0.1040096 0.1034049 -0.0014929 0.0152678 0.0193013 0.0034306 -0.0014556 0.0229628 0.0037723 0.0101693 0.0768313 0.0765046 0.0805225 0.0713439 0.0725509 0.0777998 0.0862649 0.0731165 0.0840638 0.0658130 0.0697980 0.0870912 0.0776155 0.0742994 0.0805108 0.0794209 0.0619559 0.0631252 0.0674978 0.0556051 0.0674559 0.0754188 0.0600556 0.0604967 -0.0070569 0.0472149 0.0334348 0.0138209 0.0330505 0.0389292 0.0402053 0.0181845 0.0193398 0.0224571 0.0622965 0.0356895 0.0684139 0.0564512 0.0580293 0.0514167 0.0389493 0.0493780 0.0353480 0.0603367 0.0343195 0.0638430 0.0349790 0.0110172 0.0142858 0.0441523 0.0394753 0.0346256 0.0240112 0.0006593 0.0244558 -0.0586725 -0.0660014 0.0288698 0.0266858 0.0347054 -0.0117560 0.0158660 -0.1246918 0.0140522 -0.0228241 0.0053267 0.0049783 0.0322218 -0.0714872 0.0205947 -0.0972211 -0.2892903 -0.2947062 -0.2920430 -0.2895128 -0.2888422 -0.2874663 -0.2892253 -0.2915177 -0.2938147 -0.2971578 -0.2962065 -0.2973674 -0.2964692 -0.2971329 -0.2988396 -0.2970310 -0.2992432 -0.2986457
0.1263047 0.1356346 0.1013503 0.8604704 0.0982027 0.1005687 0.1006872 0.1040076 0.0989475 0.0935052 0.0942481 0.0963311 0.0940920 0.0944756 0.0987061 0.0998513 -0.0017689 0.0167307 0.0165073 0.0043251 -0.0028981 0.0217077 0.0047167 0.0130071 0.0772833 0.0738539 0.0773012 0.0695162 0.0718360 0.0740239 0.0809879 0.0715318 0.0814437 0.0630019 0.0672655 0.0799084 0.0725917 0.0758716 0.0778250 0.0753095 0.0572836 0.0602410 0.0714498 0.0575697 0.0657638 0.0700646 0.0573624 0.0605921 -0.0029167 0.0494665 0.0333369 0.0140145 0.0310842 0.0386551 0.0422877 0.0172622 0.0182245 0.0247720 0.0644343 0.0383113 0.0652500 0.0555632 0.0569506 0.0555330 0.0429278 0.0504909 0.0328296 0.0621554 0.0334532 0.0667596 0.0352345 0.0127253 0.0130085 0.0425795 0.0380348 0.0340625 0.0250281 0.0038623 0.0242605 -0.0543347 -0.0589677 0.0277619 0.0276328 0.0370076 -0.0115436 0.0130687 -0.1231119 0.0193981 -0.0209951 0.0050784 0.0058660 0.0340390 -0.0672768 0.0206821 -0.0905347 -0.2795960 -0.2835572 -0.2800354 -0.2792594 -0.2801184 -0.2777518 -0.2789066 -0.2824090 -0.2831512 -0.2873828 -0.2855344 -0.2866854 -0.2864201 -0.2865402 -0.2873447 -0.2853546 -0.2890776 -0.2851888
0.1023190 0.1034145 0.1372284 0.0982027 0.8548367 0.1437921 0.1493294 0.1432878 0.0992434 0.0975193 0.0934077 0.0994149 0.0983622 0.0960956 0.1000324 0.1026641 -0.0054312 0.0178008 0.0151674 0.0052368 -0.0016961 0.0229621 0.0050496 0.0112718 0.0794760 0.0760915 0.0799706 0.0687293 0.0726686 0.0760908 0.0857542 0.0735208 0.0834914 0.0653310 0.0657981 0.0859401 0.0745462 0.0759698 0.0826496 0.0765650 0.0635238 0.0624526 0.0673294 0.0569934 0.0666338 0.0716318 0.0612531 0.0581261 -0.0037650 0.0493731 0.0308352 0.0172850 0.0309234 0.0397674 0.0398779 0.0171104 0.0177714 0.0230969 0.0636991 0.0313001 0.0689996 0.0606923 0.0587143 0.0535166 0.0440131 0.0536041 0.0354794 0.0582906 0.0352026 0.0692410 0.0352588 0.0089690 0.0123507 0.0440971 0.0398862 0.0359252 0.0238602 0.0004584 0.0243007 -0.0577877 -0.0657831 0.0288005 0.0238899 0.0342656 -0.0095142 0.0168659 -0.1246820 0.0165069 -0.0201497 0.0062951 0.0062515 0.0341026 -0.0701519 0.0178967 -0.0927613 -0.2883031 -0.2920163 -0.2887383 -0.2872487 -0.2873011 -0.2856615 -0.2869792 -0.2893124 -0.2901719 -0.2942094 -0.2947800 -0.2951315 -0.2944764 -0.2958658 -0.2961704 -0.2945258 -0.2978422 -0.2945761
0.0996940 0.1057491 0.1341751 0.1005687 0.1437921 0.8559430 0.1463332 0.1407049 0.1004218 0.0991578 0.0944703 0.1025529 0.0986080 0.0973176 0.1018182 0.1037832 -0.0033659 0.0156541 0.0174207 0.0052198 -0.0021254 0.0220368 0.0037968 0.0105422 0.0803380 0.0784353 0.0798829 0.0690738 0.0747477 0.0783556 0.0818854 0.0721843 0.0852551 0.0650010 0.0648781 0.0829324 0.0706799 0.0714979 0.0759359 0.0764202 0.0611041 0.0610165 0.0700723 0.0555194 0.0668280 0.0713763 0.0603312 0.0569870 -0.0050400 0.0465435 0.0277147 0.0165811 0.0308045 0.0395374 0.0377838 0.0191485 0.0134809 0.0213259 0.0608169 0.0325322 0.0677123 0.0558970 0.0564699 0.0547568 0.0419323 0.0535445 0.0345113 0.0566991 0.0370154 0.0675441 0.0319123 0.0085933 0.0119978 0.0425399 0.0380001 0.0343514 0.0245984 -0.0017973 0.0246890 -0.0573953 -0.0666646 0.0286097 0.0265383 0.0350893 -0.0124063 0.0188799 -0.1244036 0.0147710 -0.0208294 0.0024869 0.0013383 0.0330220 -0.0688367 0.0164594 -0.0922278 -0.2871627 -0.2903937 -0.2894640 -0.2871928 -0.2865672 -0.2852808 -0.2866155 -0.2902162 -0.2890701 -0.2956594 -0.2930056 -0.2939359 -0.2950574 -0.2958908 -0.2948489 -0.2930597 -0.2949784 -0.2956688
0.1041225 0.1089841 0.1530279 0.1006872 0.1493294 0.1463332 0.8553867 0.1543535 0.1036064 0.1031461 0.0977640 0.1058257 0.1024957 0.1038227 0.1024384 0.1066685 -0.0057241 0.0175288 0.0195469 0.0089535 -0.0013416 0.0228996 0.0049154 0.0072976 0.0795791 0.0783832 0.0806999 0.0711955 0.0741534 0.0797568 0.0852412 0.0753229 0.0858311 0.0673496 0.0698876 0.0866713 0.0727728 0.0767988 0.0819868 0.0820198 0.0625807 0.0607892 0.0692489 0.0571524 0.0660337 0.0717949 0.0606991 0.0584658 -0.0046990 0.0482759 0.0309440 0.0150979 0.0306409 0.0401821 0.0374466 0.0184035 0.0188102 0.0216244 0.0613873 0.0291318 0.0667115 0.0593100 0.0583180 0.0555994 0.0447320 0.0555210 0.0382020 0.0592314 0.0355031 0.0700732 0.0338489 0.0093175 0.0122042 0.0441905 0.0401718 0.0361226 0.0244721 0.0008851 0.0239396 -0.0590724 -0.0668040 0.0285120 0.0268479 0.0330854 -0.0116690 0.0164681 -0.1296407 0.0142798 -0.0220795 0.0045837 0.0043542 0.0313778 -0.0727750 0.0161926 -0.0988217 -0.2953914 -0.3008181 -0.2974482 -0.2971418 -0.2963486 -0.2933397 -0.2965840 -0.2994007 -0.2990038 -0.3039054 -0.3022316 -0.3047504 -0.3023410 -0.3047782 -0.3045135 -0.3039804 -0.3026747 -0.3038028
0.1063859 0.1078052 0.1387026 0.1040076 0.1432878 0.1407049 0.1543535 0.8572650 0.1046358 0.1002617 0.0974440 0.1069294 0.1003662 0.1020131 0.1046671 0.1049012 -0.0041427 0.0151337 0.0206289 0.0067121 -0.0010372 0.0248565 0.0049152 0.0074221 0.0802664 0.0800480 0.0803109 0.0707067 0.0743186 0.0772637 0.0852499 0.0753477 0.0871561 0.0669792 0.0683441 0.0872204 0.0750766 0.0770587 0.0821494 0.0798716 0.0638476 0.0615936 0.0706952 0.0583076 0.0649830 0.0745446 0.0600322 0.0602924 -0.0049337 0.0493474 0.0287791 0.0195337 0.0307698 0.0414796 0.0414596 0.0177820 0.0181465 0.0196488 0.0609163 0.0337977 0.0697698 0.0586588 0.0588747 0.0531192 0.0427625 0.0550418 0.0358343 0.0600965 0.0376877 0.0682055 0.0357863 0.0116118 0.0128260 0.0467943 0.0394018 0.0370668 0.0260647 0.0004623 0.0251058 -0.0582002 -0.0659177 0.0281662 0.0273743 0.0359221 -0.0081585 0.0169964 -0.1276634 0.0195727 -0.0216785 0.0053296 0.0046767 0.0335724 -0.0712817 0.0202492 -0.0941305 -0.2943481 -0.2988233 -0.2956334 -0.2942764 -0.2947374 -0.2929147 -0.2944639 -0.2978744 -0.2984799 -0.3020368 -0.3017044 -0.3014125 -0.3021120 -0.3027645 -0.3036778 -0.3013143 -0.3037835 -0.3022745
0.0999129 0.1018700 0.1021020 0.0989475 0.0992434 0.1004218 0.1036064 0.1046358 0.8579212 0.1310316 0.1334001 0.1324627 0.1341879 0.1287760 0.1065962 0.1086429 -0.0047350 0.0169130 0.0169184 0.0098381 -0.0025274 0.0216633 0.0065027 0.0108636 0.0803642 0.0755419 0.0788793 0.0711378 0.0738965 0.0778384 0.0833878 0.0756665 0.0845002 0.0656483 0.0659776 0.0841378 0.0732899 0.0748979 0.0780556 0.0771875 0.0607137 0.0561994 0.0674528 0.0617010 0.0688300 0.0722233 0.0633931 0.0612315 -0.0046225 0.0486872 0.0329057 0.0114232 0.0300004 0.0400277 0.0448948 0.0190381 0.0161031 0.0252896 0.0617438 0.0347478 0.0668879 0.0579923 0.0590582 0.0533671 0.0420560 0.0560233 0.0370712 0.0612201 0.0368230 0.0692475 0.0358891 0.0107715 0.0180574 0.0423490 0.0377659 0.0340188 0.0202787 0.0018455 0.0253424 -0.0566883 -0.0603096 0.0298731 0.0211413 0.0376014 -0.0128359 0.0148974 -0.1219876 0.0201107 -0.0211628 0.0000216 0.0004790 0.0354099 -0.0721563 0.0201919 -0.0945886 -0.2905477 -0.2941652 -0.2904764 -0.2898757 -0.2890794 -0.2886800 -0.2899022 -0.2929327 -0.2938015 -0.2969182 -0.2968556 -0.2958317 -0.2969947 -0.2980385 -0.2974342 -0.2978841 -0.3006289 -0.2969179
0.0972444 0.1004092 0.1014022 0.0935052 0.0975193 0.0991578 0.1031461 0.1002617 0.1310316 0.8538001 0.1218427 0.1298467 0.1427764 0.1280417 0.0997059 0.1036615 -0.0061830 0.0160059 0.0134295 0.0094758 -0.0022796 0.0203572 0.0049959 0.0123759 0.0765181 0.0742752 0.0753458 0.0696806 0.0715373 0.0734927 0.0799116 0.0716248 0.0826827 0.0636196 0.0662094 0.0833427 0.0684933 0.0716806 0.0787095 0.0771030 0.0570006 0.0569995 0.0668434 0.0597934 0.0649280 0.0683829 0.0589971 0.0601383 -0.0067578 0.0479518 0.0305342 0.0163136 0.0303719 0.0410896 0.0380753 0.0187413 0.0160450 0.0215974 0.0598508 0.0332114 0.0657229 0.0560681 0.0551186 0.0497944 0.0425123 0.0527866 0.0344423 0.0595738 0.0337916 0.0635137 0.0323230 0.0101559 0.0157789 0.0399899 0.0355900 0.0335119 0.0208481 0.0011288 0.0243610 -0.0545103 -0.0630132 0.0280020 0.0234500 0.0361367 -0.0136183 0.0165751 -0.1212691 0.0153236 -0.0215959 0.0017577 0.0026912 0.0323256 -0.0695092 0.0170158 -0.0902598 -0.2828653 -0.2859032 -0.2848674 -0.2817611 -0.2809953 -0.2795970 -0.2822728 -0.2838629 -0.2853101 -0.2888696 -0.2888674 -0.2891407 -0.2879833 -0.2898076 -0.2903999 -0.2887596 -0.2908058 -0.2896969
0.0925863 0.0978059 0.0957183 0.0942481 0.0934077 0.0944703 0.0977640 0.0974440 0.1334001 0.1218427 0.8672631 0.1342269 0.1276141 0.1236159 0.1018350 0.1013248 -0.0038957 0.0163559 0.0181566 0.0061829 -0.0015207 0.0198459 0.0049724 0.0094179 0.0749838 0.0731006 0.0756429 0.0697476 0.0730988 0.0737217 0.0814593 0.0701961 0.0811111 0.0628055 0.0650100 0.0828438 0.0724470 0.0724599 0.0779460 0.0740989 0.0590276 0.0584274 0.0680658 0.0586640 0.0647324 0.0705609 0.0589213 0.0591610 -0.0043958 0.0463115 0.0333081 0.0134938 0.0309467 0.0374592 0.0411640 0.0179310 0.0169714 0.0247853 0.0636678 0.0365497 0.0651708 0.0555168 0.0559280 0.0524844 0.0411083 0.0533737 0.0356698 0.0592106 0.0346508 0.0628989 0.0335843 0.0090409 0.0160522 0.0415109 0.0385667 0.0334101 0.0217816 0.0033492 0.0216536 -0.0536302 -0.0596140 0.0279225 0.0253419 0.0355321 -0.0127264 0.0141190 -0.1192266 0.0187496 -0.0225223 0.0044802 0.0051808 0.0354468 -0.0705996 0.0212978 -0.0910833 -0.2779898 -0.2830887 -0.2802323 -0.2777744 -0.2784983 -0.2771591 -0.2784562 -0.2813857 -0.2815827 -0.2838576 -0.2851368 -0.2856008 -0.2855265 -0.2873951 -0.2867979 -0.2878096 -0.2897751 -0.2861035
0.1019114 0.1026981 0.1011574 0.0963311 0.0994149 0.1025529 0.1058257 0.1069294 0.1324627 0.1298467 0.1342269 0.8631532 0.1343806 0.1297683 0.1008421 0.1073938 -0.0057490 0.0178106 0.0170012 0.0077231 -0.0036838 0.0224799 0.0058361 0.0091110 0.0755883 0.0724959 0.0770859 0.0694012 0.0719580 0.0730973 0.0809060 0.0717901 0.0819858 0.0642204 0.0690367 0.0858464 0.0730183 0.0717628 0.0787136 0.0750333 0.0605668 0.0574474 0.0701168 0.0582593 0.0673906 0.0692297 0.0617018 0.0583978 -0.0079356 0.0457899 0.0309152 0.0136175 0.0321537 0.0409203 0.0404242 0.0158841 0.0168539 0.0272299 0.0612333 0.0323314 0.0639107 0.0553009 0.0562328 0.0507522 0.0423898 0.0522973 0.0367123 0.0588741 0.0349959 0.0669051 0.0355903 0.0082238 0.0153880 0.0390321 0.0355316 0.0350325 0.0212654 -0.0009294 0.0243134 -0.0537877 -0.0617003 0.0272796 0.0237882 0.0328158 -0.0158236 0.0146809 -0.1198492 0.0161066 -0.0223773 0.0023158 0.0024907 0.0309627 -0.0684645 0.0157945 -0.0936925 -0.2857511 -0.2887270 -0.2859851 -0.2848397 -0.2849612 -0.2841357 -0.2850354 -0.2867085 -0.2896068 -0.2905777 -0.2906628 -0.2914584 -0.2919551 -0.2921299 -0.2923841 -0.2927273 -0.2945510 -0.2929532
0.0957785 0.1040502 0.1021081 0.0940920 0.0983622 0.0986080 0.1024957 0.1003662 0.1341879 0.1427764 0.1276141 0.1343806 0.8611297 0.1358372 0.1032941 0.1046716 -0.0081735 0.0170970 0.0167891 0.0069075 -0.0030787 0.0225450 0.0048390 0.0095936 0.0765173 0.0746420 0.0803037 0.0695106 0.0734420 0.0754030 0.0822869 0.0733501 0.0849346 0.0651991 0.0643011 0.0839786 0.0741159 0.0757506 0.0808288 0.0755797 0.0583788 0.0572781 0.0695656 0.0625950 0.0662176 0.0711590 0.0630425 0.0579303 -0.0056822 0.0492224 0.0281498 0.0175645 0.0341753 0.0365641 0.0421225 0.0171324 0.0157111 0.0243400 0.0638157 0.0334752 0.0690286 0.0564934 0.0574062 0.0505430 0.0453651 0.0543076 0.0346289 0.0588266 0.0347119 0.0662699 0.0340493 0.0109279 0.0132135 0.0432707 0.0374213 0.0357501 0.0221171 0.0025662 0.0249522 -0.0583925 -0.0636058 0.0268141 0.0217436 0.0366121 -0.0145308 0.0140847 -0.1239161 0.0163953 -0.0223443 0.0011440 0.0021855 0.0333424 -0.0731622 0.0190747 -0.0951034 -0.2882200 -0.2928247 -0.2898653 -0.2862812 -0.2864756 -0.2861361 -0.2881993 -0.2904398 -0.2916222 -0.2946149 -0.2953759 -0.2943259 -0.2958218 -0.2970823 -0.2968948 -0.2950727 -0.2986335 -0.2961753
0.0939218 0.0989811 0.0987089 0.0944756 0.0960956 0.0973176 0.1038227 0.1020131 0.1287760 0.1280417 0.1236159 0.1297683 0.1358372 0.8631915 0.1034522 0.0983970 -0.0022529 0.0178406 0.0190064 0.0053733 -0.0019000 0.0232128 0.0040444 0.0117485 0.0779400 0.0699874 0.0747812 0.0695842 0.0734566 0.0724032 0.0787155 0.0713426 0.0788133 0.0637250 0.0653850 0.0834018 0.0729071 0.0718261 0.0772592 0.0772914 0.0573724 0.0585979 0.0696399 0.0589929 0.0646914 0.0705467 0.0607144 0.0607544 -0.0054398 0.0470627 0.0302297 0.0146064 0.0300304 0.0369009 0.0408315 0.0189114 0.0143281 0.0237059 0.0629165 0.0340487 0.0669048 0.0552850 0.0558707 0.0523002 0.0425671 0.0517322 0.0335432 0.0609206 0.0349145 0.0641655 0.0328418 0.0076942 0.0145162 0.0419705 0.0384077 0.0370637 0.0242233 0.0013684 0.0231354 -0.0564982 -0.0618039 0.0254879 0.0227822 0.0345752 -0.0146540 0.0147135 -0.1213567 0.0157516 -0.0223227 0.0028852 0.0033514 0.0341021 -0.0719389 0.0237917 -0.0938180 -0.2830263 -0.2869520 -0.2843260 -0.2833668 -0.2829810 -0.2807830 -0.2835398 -0.2852930 -0.2867181 -0.2889551 -0.2894593 -0.2900392 -0.2887259 -0.2916995 -0.2918918 -0.2900486 -0.2917641 -0.2917393
0.0995718 0.1018912 0.1040096 0.0987061 0.1000324 0.1018182 0.1024384 0.1046671 0.1065962 0.0997059 0.1018350 0.1008421 0.1032941 0.1034522 0.8577081 0.1052574 -0.0015886 0.0163410 0.0171570 0.0044701 -0.0002128 0.0268825 0.0048631 0.0106252 0.0760677 0.0758986 0.0802426 0.0693940 0.0734971 0.0757403 0.0837990 0.0711229 0.0832573 0.0641940 0.0702065 0.0807401 0.0718634 0.0771489 0.0785507 0.0773815 0.0591909 0.0601415 0.0682691 0.0597049 0.0646038 0.0737029 0.0565705 0.0607824 -0.0046467 0.0484410 0.0338402 0.0158459 0.0321136 0.0421759 0.0437632 0.0161788 0.0188802 0.0286556 0.0643832 0.0370033 0.0673041 0.0573830 0.0555270 0.0499725 0.0431944 0.0513434 0.0360901 0.0613567 0.0343029 0.0663370 0.0356052 0.0129546 0.0168379 0.0408258 0.0372087 0.0338852 0.0222310 0.0019022 0.0254117 -0.0521252 -0.0597465 0.0308241 0.0293775 0.0376104 -0.0097727 0.0160703 -0.1216794 0.0186469 -0.0198180 0.0035385 0.0039448 0.0315743 -0.0656512 0.0188076 -0.0899117 -0.2808152 -0.2867903 -0.2854233 -0.2829200 -0.2821207 -0.2800655 -0.2840986 -0.2852027 -0.2855789 -0.2897991 -0.2890982 -0.2894683 -0.2892691 -0.2897474 -0.2912862 -0.2898939 -0.2915709 -0.2910149
0.0995846 0.1034036 0.1034049 0.0998513 0.1026641 0.1037832 0.1066685 0.1049012 0.1086429 0.1036615 0.1013248 0.1073938 0.1046716 0.0983970 0.1052574 0.8575906 -0.0069936 0.0163780 0.0158354 0.0088814 -0.0014628 0.0226500 0.0047454 0.0115642 0.0795047 0.0804324 0.0816409 0.0700573 0.0763689 0.0777135 0.0860358 0.0778049 0.0906305 0.0646800 0.0709984 0.0862348 0.0727383 0.0784798 0.0806037 0.0772966 0.0624608 0.0626394 0.0740996 0.0578841 0.0655576 0.0753504 0.0624182 0.0596704 -0.0022703 0.0483516 0.0342378 0.0157176 0.0330050 0.0432274 0.0427521 0.0163575 0.0175571 0.0281292 0.0644014 0.0374073 0.0705362 0.0585545 0.0581956 0.0530384 0.0456838 0.0562637 0.0374178 0.0610261 0.0342260 0.0673591 0.0390083 0.0111172 0.0179382 0.0451138 0.0372429 0.0399284 0.0246218 0.0018388 0.0260140 -0.0520649 -0.0600742 0.0307699 0.0252014 0.0351511 -0.0086625 0.0167543 -0.1228825 0.0196293 -0.0191617 0.0028231 0.0032604 0.0346824 -0.0488243 0.0174105 -0.0923088 -0.2865142 -0.2910850 -0.2888525 -0.2844514 -0.2863250 -0.2834246 -0.2865318 -0.2890035 -0.2906180 -0.2933175 -0.2937439 -0.2940916 -0.2939005 -0.2952671 -0.2960074 -0.2949214 -0.2961403 -0.2948200
-0.0024590 -0.0060779 -0.0014929 -0.0017689 -0.0054312 -0.0033659 -0.0057241 -0.0041427 -0.0047350 -0.0061830 -0.0038957 -0.0057490 -0.0081735 -0.0022529 -0.0015886 -0.0069936 0.9594410 0.0113381 0.0138417 0.0256731 0.0222093 0.0069352 0.0119606 0.0277194 -0.0108525 -0.0109474 -0.0118117 -0.0052724 -0.0125933 -0.0107903 -0.0141827 -0.0168998 -0.0153672 -0.0027022 -0.0043874 -0.0108636 -0.0066448 -0.0065407 -0.0105306 -0.0103774 -0.0026084 -0.0042029 -0.0140372 -0.0103074 -0.0118048 -0.0051346 -0.0033696 -0.0146805 0.0015338 -0.0119901 -0.0079151 -0.0037311 -0.0186918 -0.0046994 -0.0000612 -0.0112221 -0.0025100 -0.0108910 -0.0162507 -0.0087038 -0.0096773 -0.0159691 -0.0145942 -0.0112012 -0.0103741 -0.0098578 -0.0146949 -0.0142674 -0.0107978 -0.0116637 -0.0115317 -0.0060442 -0.0035640 -0.0071420 -0.0077039 -0.0129301 -0.0078219 -0.0129241 -0.0054995 -0.0025494 -0.0025102 -0.0075271 -0.0014270 -0.0079528 -0.0045439 -0.0111150 -0.0037978 -0.0058800 -0.0041134 -0.0210937 -0.0201123 -0.0191616 -0.0085505 -0.0027026 -0.0031622 0.0070003 0.0057892 0.0068672 0.0073019 0.0066972 0.0063712 0.0078797 0.0076126 0.0061426 0.0060973 0.0061146 0.0045655 0.0055310 0.0045305 0.0040674 0.0065107 -0.0001295 0.0041662
0.0162007 0.0202086 0.0152678 0.0167307 0.0178008 0.0156541 0.0175288 0.0151337 0.0169130 0.0160059 0.0163559 0.0178106 0.0170970 0.0178406 0.0163410 0.0163780 0.0113381 0.9295444 0.0268740 0.0227019 0.0142811 0.0186201 0.0171155 0.0192471 0.0078594 0.0006264 0.0043110 0.0035321 0.0082730 0.0029010 0.0036727 0.0013107 0.0045554 0.0099493 0.0015187 0.0037962 0.0057488 0.0052896 0.0049134 0.0021174 0.0068050 -0.0035450 0.0059923 0.0042584 0.0058735 0.0032689 0.0029267 0.0000292 -0.0089491 -0.0017786 0.0011646 -0.0136225 -0.0074389 0.0045765 -0.0067547 -0.0083263 -0.0043292 -0.0012569 -0.0001318 -0.0012684 0.0012300 -0.0039846 -0.0037809 -0.0000300 -0.0008324 -0.0020184 -0.0046600 -0.0005321 -0.0076312 0.0018055 -0.0046619 -0.0018444 -0.0025879 0.0018048 0.0009304 0.0078915 -0.0043042 -0.0033031 0.0025893 -0.0140826 -0.0169613 0.0013965 0.0024859 -0.0004439 -0.0033411 0.0023900 -0.0244425 -0.0057701 -0.0101604 -0.0107872 -0.0100556 -0.0008655 -0.0145564 -0.0079606 -0.0155098 -0.0484775 -0.0527173 -0.0504599 -0.0479724 -0.0494947 -0.0486464 -0.0509311 -0.0516223 -0.0495540 -0.0508462 -0.0527461 -0.0545854 -0.0553981 -0.0544699 -0.0536415 -0.0535992 -0.0575164 -0.0523904
0.0137648 0.0184354 0.0193013 0.0165073 0.0151674 0.0174207 0.0195469 0.0206289 0.0169184 0.0134295 0.0181566 0.0170012 0.0167891 0.0190064 0.0171570 0.0158354 0.0138417 0.0268740 0.9381506 0.0200175 0.0224817 0.0211737 0.0139145 0.0213844 0.0065988 0.0064892 0.0090469 0.0037400 0.0049060 0.0028068 0.0044869 0.0009689 0.0034641 0.0096690 -0.0028595 0.0091965 0.0037091 0.0038689 0.0046373 0.0078011 0.0041649 -0.0012468 0.0026038 0.0002354 0.0131715 0.0055745 0.0010014 0.0011311 -0.0039889 0.0019704 0.0000054 -0.0132999 -0.0014495 0.0030435 0.0002891 -0.0001624 -0.0080907 -0.0054776 -0.0014931 0.0016120 0.0004133 -0.0025427 -0.0010377 0.0055753 -0.0024120 -0.0017260 -0.0029135 0.0021173 -0.0100631 0.0026339 -0.0095878 -0.0115400 -0.0057195 0.0028272 -0.0008539 0.0002430 -0.0028616 -0.0092001 -0.0033315 -0.0118481 -0.0101739 -0.0053363 0.0054272 -0.0076556 -0.0086993 -0.0025380 -0.0288774 -0.0054539 -0.0220292 -0.0101808 -0.0109098 -0.0024457 -0.0184501 -0.0051168 -0.0243156 -0.0474523 -0.0512422 -0.0503385 -0.0485709 -0.0473290 -0.0475269 -0.0488839 -0.0492687 -0.0513897 -0.0491378 -0.0512381 -0.0538004 -0.0518669 -0.0521396 -0.0542456 -0.0512216 -0.0528672 -0.0543703
0.0062076 0.0088835 0.0034306 0.0043251 0.0052368 0.0052198 0.0089535 0.0067121 0.0098381 0.0094758 0.0061829 0.0077231 0.0069075 0.0053733 0.0044701 0.0088814 0.0256731 0.0227019 0.0200175 0.9607974 0.0143624 0.0258373 0.0307476 0.0187556 -0.0028775 -0.0046183 -0.0040525 -0.0046001 -0.0052275 -0.0067550 -0.0089926 -0.0082141 -0.0057358 0.0028826 -0.0055417 -0.0015159 0.0016174 -0.0049865 -0.0038437 -0.0061364 -0.0076758 -0.0094067 -0.0108194 -0.0068652 -0.0022715 -0.0080190 -0.0110416 -0.0020909 -0.0049062 -0.0028792 -0.0014642 -0.0047856 0.0006139 -0.0036375 -0.0063132 -0.0181100 -0.0072819 -0.0035491 -0.0070731 -0.0009478 -0.0071634 -0.0106979 -0.0100504 -0.0115532 -0.0037563 -0.0095865 -0.0057683 -0.0022673 -0.0155795 -0.0023801 -0.0111835 -0.0129692 -0.0079217 0.0071118 0.0002542 -0.0111726 -0.0100434 -0.0133422 -0.0088474 -0.0104368 -0.0232160 -0.0094769 -0.0172613 -0.0040614 -0.0166544 -0.0072874 -0.0101619 -0.0029325 -0.0067952 -0.0087022 -0.0083043 -0.0057427 -0.0060086 -0.0231752 -0.0089018 -0.0194251 -0.0228568 -0.0199655 -0.0185960 -0.0168748 -0.0195681 -0.0207900 -0.0172284 -0.0181865 -0.0194224 -0.0189554 -0.0210399 -0.0192466 -0.0217207 -0.0199645 -0.0204677 -0.0220017 -0.0240346
0.0019301 -0.0023692 -0.0014556 -0.0028981 -0.0016961 -0.0021254 -0.0013416 -0.0010372 -0.0025274 -0.0022796 -0.0015207 -0.0036838 -0.0030787 -0.0019000 -0.0002128 -0.0014628 0.0222093 0.0142811 0.0224817 0.0143624 0.9696407 0.0189208 0.0163555 0.0242051 -0.0111597 -0.0083113 -0.0043631 -0.0103574 -0.0111555 -0.0154768 -0.0090599 -0.0160927 -0.0157799 -0.0027241 -0.0138697 -0.0108031 -0.0160904 -0.0076624 -0.0111099 -0.0090425 -0.0047976 -0.0108181 -0.0132806 -0.0115169 -0.0084759 -0.0081459 -0.0095791 -0.0178637 -0.0022194 -0.0059311 -0.0115139 -0.0031109 -0.0079816 -0.0127900 -0.0151043 -0.0131740 -0.0104481 -0.0159391 -0.0176456 -0.0101387 -0.0136052 -0.0106597 -0.0117132 -0.0073388 -0.0112171 -0.0145783 -0.0122630 -0.0193829 -0.0150172 -0.0076108 -0.0100600 -0.0082082 -0.0076593 -0.0060571 -0.0058964 -0.0182498 -0.0097395 -0.0012885 -0.0130865 -0.0065587 -0.0074363 -0.0103369 -0.0098458 -0.0049886 -0.0109248 -0.0150745 0.0004461 -0.0065605 -0.0036769 -0.0147040 -0.0150174 -0.0052792 -0.0034968 -0.0029109 -0.0068486 0.0052441 0.0055487 0.0074475 0.0072863 0.0076507 0.0065610 0.0061546 0.0067381 0.0056171 0.0057067 0.0042026 0.0038049 0.0053075 0.0025776 0.0041618 0.0042975 0.0002841 0.0038640
0.0247177 0.0238234 0.0229628 0.0217077 0.0229621 0.0220368 0.0228996 0.0248565 0.0216633 0.0203572 0.0198459 0.0224799 0.0225450 0.0232128 0.0268825 0.0226500 0.0069352 0.0186201 0.0211737 0.0258373 0.0189208 0.9415615 0.0213478 0.0275295 0.0047193 0.0104388 0.0092492 0.0116973 0.0047038 0.0034387 0.0067971 0.0042651 0.0059970 0.0125625 0.0049012 0.0095293 0.0062647 0.0103042 0.0036315 0.0100279 0.0037908 -0.0009814 0.0046472 0.0039534 0.0085234 0.0037995 0.0015433 0.0043960 -0.0026825 -0.0001445 0.0052554 -0.0016980 0.0086994 0.0004502 -0.0025628 -0.0084869 -0.0089246 0.0025661 0.0066947 0.0056169 -0.0010114 0.0023246 0.0028887 0.0007576 -0.0051425 -0.0022161 -0.0050369 0.0044219 -0.0065864 0.0056541 -0.0096509 -0.0069072 -0.0047448 0.0064406 0.0023230 -0.0001985 -0.0005951 0.0010177 0.0109978 -0.0164053 -0.0237622 -0.0054304 -0.0077692 0.0051424 -0.0136328 -0.0007733 -0.0294074 -0.0028821 -0.0147848 -0.0050458 -0.0041165 -0.0011255 -0.0176136 -0.0079065 -0.0235805 -0.0630881 -0.0646471 -0.0642457 -0.0613580 -0.0617639 -0.0628077 -0.0606803 -0.0625006 -0.0641873 -0.0636569 -0.0633828 -0.0636607 -0.0627686 -0.0650659 -0.0632337 -0.0670234 -0.0666543 -0.0663697
0.0033429 0.0051604 0.0037723 0.0047167 0.0050496 0.0037968 0.0049154 0.0049152 0.0065027 0.0049959 0.0049724 0.0058361 0.0048390 0.0040444 0.0048631 0.0047454 0.0119606 0.0171155 0.0139145 0.0307476 0.0163555 0.0213478 0.9460896 0.0218846 -0.0041293 -0.0079365 -0.0070046 -0.0067848 -0.0067286 -0.0071641 -0.0029793 -0.0076714 -0.0063182 0.0014771 -0.0072913 -0.0073114 -0.0071619 -0.0054452 -0.0086390 -0.0060731 -0.0012787 -0.0070824 -0.0072508 -0.0049161 -0.0075524 -0.0036330 -0.0089296 -0.0063867 -0.0097174 -0.0040195 -0.0006759 -0.0041791 -0.0063860 -0.0056648 -0.0097680 -0.0098189 -0.0142190 0.0005692 -0.0052031 -0.0031205 -0.0109245 -0.0093984 -0.0077464 -0.0125568 -0.0105470 -0.0057211 -0.0113040 -0.0072007 -0.0129312 -0.0045673 -0.0161637 -0.0089752 -0.0114436 0.0021853 -0.0063308 -0.0124768 -0.0075790 -0.0116849 -0.0040737 -0.0049513 -0.0160192 -0.0060205 -0.0091766 -0.0004702 -0.0075434 -0.0063183 -0.0147101 0.0029531 -0.0044446 -0.0134570 -0.0127163 -0.0089808 -0.0100785 -0.0111513 -0.0069446 -0.0116969 -0.0121235 -0.0134925 -0.0081791 -0.0117782 -0.0088998 -0.0102705 -0.0104472 -0.0115420 -0.0110434 -0.0131765 -0.0140269 -0.0116441 -0.0125764 -0.0124402 -0.0139317 -0.0159785 -0.0110830
0.0147733 0.0099100 0.0101693 0.0130071 0.0112718 0.0105422 0.0072976 0.0074221 0.0108636 0.0123759 0.0094179 0.0091110 0.0095936 0.0117485 0.0106252 0.0115642 0.0277194 0.0192471 0.0213844 0.0187556 0.0242051 0.0275295 0.0218846 0.9425921 0.0038255 0.0077941 0.0004004 0.0052610 0.0007485 -0.0008525 -0.0001908 0.0015143 -0.0015670 0.0072244 -0.0047347 0.0035637 0.0029294 0.0058635 0.0035339 0.0002282 0.0048613 -0.0027383 -0.0025199 -0.0001221 0.0042644 0.0037005 0.0027050 -0.0056363 -0.0079001 -0.0017067 0.0027540 0.0003599 -0.0047167 -0.0018387 0.0025738 -0.0090472 -0.0053700 -0.0045381 -0.0028416 -0.0073574 0.0006470 -0.0024809 -0.0017830 -0.0064675 -0.0063565 -0.0071248 -0.0067512 -0.0054883 -0.0040158 0.0054657 -0.0050215 -0.0012786 -0.0019994 -0.0014391 -0.0013752 -0.0019228 0.0000998 -0.0016418 -0.0080536 -0.0131871 -0.0223076 -0.0074239 -0.0027022 -0.0025991 -0.0039530 -0.0078524 -0.0181210 -0.0084075 -0.0157007 -0.0042616 -0.0046388 -0.0069143 -0.0143533 -0.0070979 -0.0153199 -0.0396974 -0.0398703 -0.0411051 -0.0372595 -0.0367475 -0.0373372 -0.0366650 -0.0371611 -0.0380156 -0.0398703 -0.0398930 -0.0386798 -0.0427750 -0.0413989 -0.0404958 -0.0411036 -0.0429081 -0.0412741
0.0763276 0.0776780 0.0768313 0.0772833 0.0794760 0.0803380 0.0795791 0.0802664 0.0803642 0.0765181 0.0749838 0.0755883 0.0765173 0.0779400 0.0760677 0.0795047 -0.0108525 0.0078594 0.0065988 -0.0028775 -0.0111597 0.0047193 -0.0041293 0.0038255 0.8477594 0.0749547 0.0783421 0.0874643 0.0993743 0.1102081 0.1121034 0.0918678 0.0824335 0.0588411 0.0655145 0.0818350 0.0705758 0.0698876 0.0717724 0.0772820 0.0535425 0.0553741 0.0688097 0.0555107 0.0630793 0.0679405 0.0552471 0.0551900 -0.0041657 0.0401997 0.0264380 0.0175729 0.0280019 0.0379050 0.0345822 0.0222655 0.0204173 0.0227264 0.0612188 0.0339630 0.0603574 0.0504898 0.0506203 0.0545990 0.0438055 0.0533915 0.0367606 0.0566663 0.0427063 0.0652658 0.0388427 0.0137485 0.0140078 0.0377529 0.0359144 0.0397483 0.0234985 0.0070797 0.0206476 -0.0420541 -0.0560464 0.0293755 0.0308672 0.0394008 -0.0107083 0.0167550 -0.1115865 0.0232518 -0.0132978 0.0062293 0.0049543 0.0348578 -0.0658313 0.0223376 -0.0860546 -0.2617730 -0.2671979 -0.2624072 -0.2621303 -0.2611177 -0.2609301 -0.2602699 -0.2649390 -0.2646227 -0.2692562 -0.2682519 -0.2681522 -0.2707410 -0.2708608 -0.2711341 -0.2677867 -0.2716301 -0.2697363
0.0748613 0.0764666 0.0765046 0.0738539 0.0760915 0.0784353 0.0783832 0.0800480 0.0755419 0.0742752 0.0731006 0.0724959 0.0746420 0.0699874 0.0758986 0.0804324 -0.0109474 0.0006264 0.0064892 -0.0046183 -0.0083113 0.0104388 -0.0079365 0.0077941 0.0749547 0.8544971 0.1079500 0.0646322 0.0793920 0.0722810 0.0824932 0.0738420 0.0826073 0.0582164 0.0619776 0.0818739 0.0672379 0.0685465 0.0721618 0.0764080 0.0527292 0.0583955 0.0637075 0.0510303 0.0562724 0.0687388 0.0569075 0.0543640 -0.0001944 0.0476186 0.0310476 0.0163009 0.0381476 0.0436489 0.0467342 0.0165193 0.0214127 0.0260471 0.0620194 0.0367053 0.0722378 0.0573358 0.0568246 0.0528315 0.0436274 0.0504802 0.0321324 0.0547947 0.0358245 0.0631419 0.0352614 0.0131196 0.0203234 0.0413413 0.0413298 0.0332925 0.0263589 0.0037300 0.0269631 -0.0379183 -0.0504444 0.0344562 0.0264572 0.0409288 -0.0032501 0.0251348 -0.1178044 0.0225509 -0.0144970 0.0068449 0.0070811 0.0366147 -0.0594187 0.0191718 -0.0798238 -0.2546418 -0.2613614 -0.2588317 -0.2550768 -0.2569724 -0.2549053 -0.2586986 -0.2595921 -0.2596522 -0.2635660 -0.2626158 -0.2635906 -0.2635134 -0.2624061 -0.2668438 -0.2639367 -0.2643518 -0.2644055
0.0750636 0.0783817 0.0805225 0.0773012 0.0799706 0.0798829 0.0806999 0.0803109 0.0788793 0.0753458 0.0756429 0.0770859 0.0803037 0.0747812 0.0802426 0.0816409 -0.0118117 0.0043110 0.0090469 -0.0040525 -0.0043631 0.0092492 -0.0070046 0.0004004 0.0783421 0.1079500 0.8509198 0.0713125 0.0761137 0.0821703 0.0817669 0.0801380 0.0794463 0.0586783 0.0634592 0.0768011 0.0724564 0.0679236 0.0726431 0.0765260 0.0546084 0.0581199 0.0676644 0.0563503 0.0589483 0.0657879 0.0589097 0.0559458 -0.0030702 0.0447681 0.0248585 0.0197033 0.0324354 0.0362374 0.0400686 0.0153273 0.0200345 0.0291251 0.0614366 0.0418746 0.0681786 0.0567483 0.0561323 0.0592401 0.0494186 0.0478856 0.0362947 0.0558701 0.0387741 0.0669408 0.0432558 0.0137732 0.0131928 0.0409569 0.0417783 0.0380194 0.0232507 0.0037629 0.0255353 -0.0482692 -0.0543468 0.0350888 0.0286465 0.0372066 -0.0007691 0.0211778 -0.1109241 0.0203576 -0.0135144 0.0049216 0.0042805 0.0346005 -0.0606069 0.0250830 -0.0786501 -0.2610344 -0.2664953 -0.2629941 -0.2592108 -0.2616081 -0.2588105 -0.2615249 -0.2622492 -0.2642675 -0.2668920 -0.2663965 -0.2685876 -0.2680444 -0.2683341 -0.2696568 -0.2671064 -0.2697676 -0.2680924
0.0637757 0.0668913 0.0713439 0.0695162 0.0687293 0.0690738 0.0711955 0.0707067 0.0711378 0.0696806 0.0697476 0.0694012 0.0695106 0.0695842 0.0693940 0.0700573 -0.0052724 0.0035321 0.0037400 -0.0046001 -0.0103574 0.0116973 -0.0067848 0.0052610 0.0874643 0.0646322 0.0713125 0.8600088 0.0993194 0.0823220 0.0822123 0.0905661 0.0649506 0.0533479 0.0550339 0.0731689 0.0673753 0.0634438 0.0661039 0.0592669 0.0566310 0.0554801 0.0634745 0.0498657 0.0533544 0.0678160 0.0634407 0.0545850 -0.0060794 0.0373609 0.0318322 0.0180316 0.0342554 0.0433503 0.0367784 0.0113544 0.0207103 0.0208873 0.0575055 0.0289053 0.0612174 0.0523633 0.0529392 0.0501721 0.0399252 0.0452715 0.0260025 0.0550798 0.0363163 0.0614388 0.0317959 0.0157682 0.0230846 0.0321284 0.0336194 0.0317945 0.0202105 0.0015930 0.0180703 -0.0419065 -0.0490804 0.0276109 0.0257177 0.0332444 -0.0078007 0.0172963 -0.1029305 0.0188049 -0.0212928 0.0033961 0.0035269 0.0247709 -0.0639947 0.0174106 -0.0778226 -0.2385791 -0.2434157 -0.2423705 -0.2371205 -0.2370294 -0.2363131 -0.2388182 -0.2410264 -0.2431196 -0.2475496 -0.2443068 -0.2454961 -0.2464834 -0.2446461 -0.2479472 -0.2448749 -0.2482057 -0.2477766
0.0697111 0.0727760 0.0725509 0.0718360 0.0726686 0.0747477 0.0741534 0.0743186 0.0738965 0.0715373 0.0730988 0.0719580 0.0734420 0.0734566 0.0734971 0.0763689 -0.0125933 0.0082730 0.0049060 -0.0052275 -0.0111555 0.0047038 -0.0067286 0.0007485 0.0993743 0.0793920 0.0761137 0.0993194 0.8545843 0.0920887 0.0887967 0.0987230 0.0713606 0.0562110 0.0579265 0.0736774 0.0649306 0.0679476 0.0709579 0.0673491 0.0537675 0.0481940 0.0628201 0.0516820 0.0535172 0.0631151 0.0528654 0.0537896 0.0068445 0.0395647 0.0305770 0.0087676 0.0348316 0.0426002 0.0385162 0.0159248 0.0196996 0.0277451 0.0594911 0.0322776 0.0676384 0.0559322 0.0555699 0.0554352 0.0416194 0.0505106 0.0327057 0.0532237 0.0353780 0.0630767 0.0351940 0.0156175 0.0168229 0.0386289 0.0361917 0.0327556 0.0222707 0.0029910 0.0249457 -0.0403035 -0.0487664 0.0320314 0.0230493 0.0369514 -0.0082718 0.0133002 -0.1091334 0.0155174 -0.0155013 0.0075448 0.0077758 0.0293804 -0.0634350 0.0183026 -0.0793674 -0.2466904 -0.2537518 -0.2507965 -0.2484395 -0.2488306 -0.2474001 -0.2495275 -0.2525452 -0.2526460 -0.2553802 -0.2565933 -0.2551601 -0.2567954 -0.2565078 -0.2577589 -0.2565857 -0.2578898 -0.2574499
0.0718784 0.0750675 0.0777998 0.0740239 0.0760908 0.0783556 0.0797568 0.0772637 0.0778384 0.0734927 0.0737217 0.0730973 0.0754030 0.0724032 0.0757403 0.0777135 -0.0107903 0.0029010 0.0028068 -0.0067550 -0.0154768 0.0034387 -0.0071641 -0.0008525 0.1102081 0.0722810 0.0821703 0.0823220 0.0920887 0.8532414 0.1098867 0.0886742 0.0719034 0.0584242 0.0638812 0.0775053 0.0715677 0.0781002 0.0705509 0.0749511 0.0532075 0.0572196 0.0718993 0.0559963 0.0621670 0.0669801 0.0591659 0.0650475 -0.0004046 0.0398429 0.0264086 0.0183727 0.0340386 0.0401600 0.0466280 0.0168409 0.0174710 0.0251037 0.0597554 0.0324070 0.0700379 0.0589120 0.0597902 0.0591509 0.0425303 0.0524725 0.0353889 0.0657299 0.0431105 0.0699281 0.0398800 0.0133410 0.0208065 0.0352649 0.0328464 0.0449675 0.0206295 0.0056897 0.0246386 -0.0443841 -0.0513707 0.0358236 0.0296124 0.0369269 -0.0054265 0.0217361 -0.1143814 0.0215362 -0.0173217 0.0079256 0.0077290 0.0330571 -0.0629699 0.0213570 -0.0844675 -0.2590186 -0.2663111 -0.2621145 -0.2601164 -0.2604897 -0.2586351 -0.2603236 -0.2626891 -0.2629807 -0.2671891 -0.2669021 -0.2670276 -0.2664984 -0.2686950 -0.2678367 -0.2677067 -0.2697760 -0.2687053
0.0805317 0.0825385 0.0862649 0.0809879 0.0857542 0.0818854 0.0852412 0.0852499 0.0833878 0.0799116 0.0814593 0.0809060 0.0822869 0.0787155 0.0837990 0.0860358 -0.0141827 0.0036727 0.0044869 -0.0089926 -0.0090599 0.0067971 -0.0029793 -0.0001908 0.1121034 0.0824932 0.0817669 0.0822123 0.0887967 0.1098867 0.8521498 0.0910162 0.0831849 0.0631070 0.0675021 0.0870670 0.0776056 0.0802590 0.0810426 0.0814665 0.0616351 0.0600258 0.0754190 0.0587202 0.0651802 0.0783138 0.0617025 0.0659934 -0.0075013 0.0507818 0.0319689 0.0260677 0.0389820 0.0435518 0.0488977 0.0218365 0.0176700 0.0257128 0.0735794 0.0362465 0.0694707 0.0584271 0.0586528 0.0548702 0.0477083 0.0545653 0.0386777 0.0667807 0.0432665 0.0775016 0.0404445 0.0121039 0.0201067 0.0442900 0.0424778 0.0391718 0.0248615 0.0044111 0.0254762 -0.0454182 -0.0574524 0.0343266 0.0300699 0.0424696 -0.0089896 0.0209858 -0.1180476 0.0244600 -0.0159046 0.0106213 0.0104091 0.0371284 -0.0713486 0.0322075 -0.0908303 -0.2784919 -0.2845653 -0.2791325 -0.2784300 -0.2783530 -0.2762052 -0.2794104 -0.2809678 -0.2828074 -0.2851170 -0.2854592 -0.2852280 -0.2855033 -0.2866375 -0.2861184 -0.2868212 -0.2875065 -0.2859727
0.0691005 0.0740079 0.0731165 0.0715318 0.0735208 0.0721843 0.0753229 0.0753477 0.0756665 0.0716248 0.0701961 0.0717901 0.0733501 0.0713426 0.0711229 0.0778049 -0.0168998 0.0013107 0.0009689 -0.0082141 -0.0160927 0.0042651 -0.0076714 0.0015143 0.0918678 0.0738420 0.0801380 0.0905661 0.0987230 0.0886742 0.0910162 0.8518623 0.0769444 0.0557131 0.0561091 0.0795022 0.0685945 0.0668326 0.0724933 0.0662635 0.0503822 0.0540115 0.0631074 0.0510880 0.0555626 0.0670791 0.0571474 0.0544009 -0.0042127 0.0429215 0.0255010 0.0208779 0.0289796 0.0443033 0.0421966 0.0203688 0.0188050 0.0281113 0.0560752 0.0371617 0.0646474 0.0591512 0.0593360 0.0508030 0.0403698 0.0479223 0.0382257 0.0547737 0.0386592 0.0656425 0.0440872 0.0154433 0.0190761 0.0331042 0.0325566 0.0407597 0.0249607 0.0047984 0.0206304 -0.0397133 -0.0493161 0.0313011 0.0233906 0.0351708 -0.0058228 0.0175456 -0.1055789 0.0159054 -0.0124736 -0.0017882 -0.0012353 0.0291208 -0.0577579 0.0288670 -0.0787778 -0.2491795 -0.2538888 -0.2499635 -0.2485501 -0.2476124 -0.2474419 -0.2493075 -0.2513570 -0.2520365 -0.2545882 -0.2548737 -0.2564887 -0.2569396 -0.2576682 -0.2579004 -0.2569778 -0.2582545 -0.2563414
0.0805928 0.0801343 0.0840638 0.0814437 0.0834914 0.0852551 0.0858311 0.0871561 0.0845002 0.0826827 0.0811111 0.0819858 0.0849346 0.0788133 0.0832573 0.0906305 -0.0153672 0.0045554 0.0034641 -0.0057358 -0.0157799 0.0059970 -0.0063182 -0.0015670 0.0824335 0.0826073 0.0794463 0.0649506 0.0713606 0.0719034 0.0831849 0.0769444 0.8511251 0.0635076 0.0746386 0.0944760 0.0752920 0.0848847 0.0894458 0.0878780 0.0599612 0.0660279 0.0775156 0.0619249 0.0666802 0.0695192 0.0598931 0.0700184 0.0001237 0.0572746 0.0355442 0.0200322 0.0404018 0.0454018 0.0473978 0.0225335 0.0236374 0.0291723 0.0742904 0.0381729 0.0735313 0.0634505 0.0623671 0.0624044 0.0520805 0.0585854 0.0435252 0.0687134 0.0442593 0.0723004 0.0437800 0.0177726 0.0185886 0.0494411 0.0433455 0.0413541 0.0300594 0.0086337 0.0276926 -0.0421757 -0.0523105 0.0357467 0.0306008 0.0423133 -0.0038789 0.0293723 -0.1218527 0.0296970 -0.0112958 0.0096370 0.0092085 0.0376746 -0.0690884 0.0211975 -0.0789124 -0.2825065 -0.2848567 -0.2835406 -0.2821167 -0.2815431 -0.2795930 -0.2815376 -0.2848574 -0.2854733 -0.2898741 -0.2888993 -0.2897144 -0.2896236 -0.2905658 -0.2908048 -0.2885619 -0.2897980 -0.2901378
0.0625271 0.0648109 0.0658130 0.0630019 0.0653310 0.0650010 0.0673496 0.0669792 0.0656483 0.0636196 0.0628055 0.0642204 0.0651991 0.0637250 0.0641940 0.0646800 -0.0027022 0.0099493 0.0096690 0.0028826 -0.0027241 0.0125625 0.0014771 0.0072244 0.0588411 0.0582164 0.0586783 0.0533479 0.0562110 0.0584242 0.0631070 0.0557131 0.0635076 0.9223497 0.0515621 0.0630627 0.0559273 0.0563144 0.0594783 0.0584956 0.0457581 0.0463496 0.0543570 0.0438989 0.0485133 0.0535602 0.0470097 0.0495800 0.0022590 0.0389802 0.0278262 0.0158707 0.0301709 0.0327040 0.0357240 0.0163909 0.0181945 0.0219686 0.0518457 0.0304002 0.0548284 0.0475422 0.0474612 0.0437036 0.0374059 0.0424752 0.0310378 0.0503219 0.0324529 0.0522301 0.0326662 0.0137658 0.0166658 0.0355505 0.0336705 0.0308653 0.0229093 0.0078729 0.0233146 -0.0315513 -0.0370629 0.0273149 0.0239605 0.0327634 -0.0006573 0.0190429 -0.0836239 0.0206394 -0.0082572 0.0120314 0.0116302 0.0294552 -0.0459938 0.0201528 -0.0598634 -0.2003885 -0.2042484 -0.2018975 -0.2005077 -0.2002550 -0.1981801 -0.2003433 -0.2022798 -0.2035735 -0.2068275 -0.2058540 -0.2071981 -0.2066938 -0.2077739 -0.2084280 -0.2072434 -0.2090991 -0.2076496
